BBB,BME-2-N1B-20,1,20210425,360,4.8500,0.00,485.00,485.00,10000.00,307,116,2023-07-06,
BBB,BME-2-N1B-20,2,20220420,360,4.8500,0.00,485.00,485.00,10000.00,307,116,2023-07-06,
BBB,BME-2-N1B-20,3,20230415,360,4.8500,0.00,485.00,485.00,10000.00,307,116,2023-07-06,
BBB,BME-2-N1B-20,4,20240409,360,4.8500,4000.00,485.00,4485.00,6000.00,307,116,2023-07-06,
BBB,BME-2-N1B-20,5,20250404,360,4.8500,6000.00,291.00,6291.00,0.00,307,116,2023-07-06,
BBB,BME-2-N2B-20,1,20210826,360,4.9500,0.00,495.00,495.00,10000.00,307,116,2023-07-06,
BBB,BME-2-N2B-20,2,20220821,360,4.9500,0.00,495.00,495.00,10000.00,307,116,2023-07-06,
BBB,BME-2-N2B-20,3,20230816,360,4.9500,0.00,495.00,495.00,10000.00,307,116,2023-07-06,
BBB,BME-2-N2B-20,4,20240810,360,4.9500,0.00,495.00,495.00,10000.00,307,116,2023-07-06,
BBB,BME-2-N2B-20,5,20250805,360,4.9500,3000.00,495.00,3495.00,7000.00,307,116,2023-07-06,
BBB,BME-2-N2B-20,6,20260731,360,4.9500,7000.00,346.50,7346.50,0.00,307,116,2023-07-06,
BBB,BME-4-N1U-22,1,20230924,360,4.9500,0.00,495.00,495.00,10000.00,307,116,2023-07-06,
BBB,BME-4-N1U-22,2,20240918,360,4.9500,0.00,495.00,495.00,10000.00,307,116,2023-07-06,
BBB,BME-4-N1U-22,3,20250913,360,4.9500,2000.00,495.00,2495.00,8000.00,307,116,2023-07-06,
BBB,BME-4-N1U-22,4,20260908,360,4.9500,2000.00,396.00,2396.00,6000.00,307,116,2023-07-06,
BBB,BME-4-N1U-22,5,20270903,360,4.9500,6000.00,297.00,6297.00,0.00,307,116,2023-07-06,
BBB,BME-4-N1U-23,1,20240418,360,5.1000,0.00,510.00,510.00,10000.00,307,116,2023-07-06,
BBB,BME-4-N1U-23,2,20250413,360,5.1000,1500.00,510.00,2010.00,8500.00,307,116,2023-07-06,
BBB,BME-4-N1U-23,3,20260408,360,5.1000,0.00,433.50,433.50,8500.00,307,116,2023-07-06,
BBB,BME-4-N1U-23,4,20270403,360,5.1000,0.00,433.50,433.50,8500.00,307,116,2023-07-06,
BBB,BME-4-N1U-23,5,20280328,360,5.1000,4000.00,433.50,4433.50,4500.00,307,116,2023-07-06,
BBB,BME-4-N1U-23,6,20290323,360,5.1000,500.00,229.50,729.50,4000.00,307,116,2023-07-06,
BBB,BME-4-N1U-23,7,20290919,180,5.1000,4000.00,102.00,4102.00,0.00,307,116,2023-07-06,
BBB,BTB-N1U-13,1,20140505,180,6.2500,0.00,3125.00,3125.00,100000.00,307,116,2023-07-06,
BBB,BTB-N1U-13,2,20141101,180,6.2500,0.00,3125.00,3125.00,100000.00,307,116,2023-07-06,
BBB,BTB-N1U-13,3,20150430,180,6.2500,0.00,3125.00,3125.00,100000.00,307,116,2023-07-06,
BBB,BTB-N1U-13,4,20151027,180,6.2500,0.00,3125.00,3125.00,100000.00,307,116,2023-07-06,
BBB,BTB-N1U-13,5,20160424,180,6.2500,0.00,3125.00,3125.00,100000.00,307,116,2023-07-06,
BBB,BTB-N1U-13,6,20161021,180,6.2500,0.00,3125.00,3125.00,100000.00,307,116,2023-07-06,
BBB,BTB-N1U-13,7,20170419,180,6.2500,0.00,3125.00,3125.00,100000.00,307,116,2023-07-06,
BBB,BTB-N1U-13,8,20171016,180,6.2500,0.00,3125.00,3125.00,100000.00,307,116,2023-07-06,
BBB,BTB-N1U-13,9,20180414,180,6.2500,0.00,3125.00,3125.00,100000.00,307,116,2023-07-06,
BBB,BTB-N1U-13,10,20181011,180,6.2500,0.00,3125.00,3125.00,100000.00,307,116,2023-07-06,
BBB,BTB-N1U-13,11,20190409,180,6.2500,0.00,3125.00,3125.00,100000.00,307,116,2023-07-06,
BBB,BTB-N1U-13,12,20191006,180,6.2500,0.00,3125.00,3125.00,100000.00,307,116,2023-07-06,
BBB,BTB-N1U-13,13,20200403,180,6.2500,0.00,3125.00,3125.00,100000.00,307,116,2023-07-06,
BBB,BTB-N1U-13,14,20200930,180,6.2500,0.00,3125.00,3125.00,100000.00,307,116,2023-07-06,
BBB,BTB-N1U-13,15,20210329,180,6.2500,0.00,3125.00,3125.00,100000.00,307,116,2023-07-06,
BBB,BTB-N1U-13,16,20210925,180,6.2500,0.00,3125.00,3125.00,100000.00,307,116,2023-07-06,
BBB,BTB-N1U-13,17,20220324,180,6.2500,0.00,3125.00,3125.00,100000.00,307,116,2023-07-06,
BBB,BTB-N1U-13,18,20220920,180,6.2500,0.00,3125.00,3125.00,100000.00,307,116,2023-07-06,
BBB,BTB-N1U-13,19,20230319,180,6.2500,0.00,3125.00,3125.00,100000.00,307,116,2023-07-06,
BBB,BTB-N1U-13,20,20230915,180,6.2500,0.00,3125.00,3125.00,100000.00,307,116,2023-07-06,
BBB,BTB-N1U-13,21,20240313,180,8.2500,0.00,4125.00,4125.00,100000.00,307,116,2023-07-06,
BBB,BTB-N1U-13,22,20240909,180,8.2500,0.00,4125.00,4125.00,100000.00,307,116,2023-07-06,
BBB,BTB-N1U-13,23,20250308,180,8.2500,0.00,4125.00,4125.00,100000.00,307,116,2023-07-06,
BBB,BTB-N1U-13,24,20250904,180,8.2500,0.00,4125.00,4125.00,100000.00,307,116,2023-07-06,
BBB,BTB-N1U-13,25,20260303,180,8.2500,0.00,4125.00,4125.00,100000.00,307,116,2023-07-06,
BBB,BTB-N1U-13,26,20260830,180,8.2500,0.00,4125.00,4125.00,100000.00,307,116,2023-07-06,
BBB,BTB-N1U-13,27,20270226,180,8.2500,0.00,4125.00,4125.00,100000.00,307,116,2023-07-06,
BBB,BTB-N1U-13,28,20270825,180,8.2500,0.00,4125.00,4125.00,100000.00,307,116,2023-07-06,
BBB,BTB-N1U-13,29,20280221,180,8.2500,0.00,4125.00,4125.00,100000.00,307,116,2023-07-06,
BBB,BTB-N1U-13,30,20280819,180,8.2500,100000.00,4125.00,104125.00,0.00,307,116,2023-07-06,
BBB,BUN-1-N1U-22,1,20221108,180,5.0000,0.00,250.00,250.00,10000.00,307,116,2023-07-06,
BBB,BUN-1-N1U-22,2,20230507,180,5.0000,0.00,250.00,250.00,10000.00,307,116,2023-07-06,
BBB,BUN-1-N1U-22,3,20231103,180,5.0000,0.00,250.00,250.00,10000.00,307,116,2023-07-06,
BBB,BUN-1-N1U-22,4,20240501,180,5.0000,0.00,250.00,250.00,10000.00,307,116,2023-07-06,
BBB,BUN-1-N1U-22,5,20241028,180,5.0000,0.00,250.00,250.00,10000.00,307,116,2023-07-06,
BBB,BUN-1-N1U-22,6,20250426,180,5.0000,0.00,250.00,250.00,10000.00,307,116,2023-07-06,
BBB,BUN-1-N1U-22,7,20251023,180,5.0000,2000.00,250.00,2250.00,8000.00,307,116,2023-07-06,
BBB,BUN-1-N1U-22,8,20260421,180,5.0000,2000.00,200.00,2200.00,6000.00,307,116,2023-07-06,
BBB,BUN-1-N1U-22,9,20261018,180,5.0000,3000.00,150.00,3150.00,3000.00,307,116,2023-07-06,
BBB,BUN-1-N1U-22,10,20270416,180,5.0000,3000.00,75.00,3075.00,0.00,307,116,2023-07-06,
BLP,BIL-5-N1B-20,1,20210327,180,5.9000,150.00,295.00,445.00,9850.00,307,116,2023-07-06,
BLP,BIL-5-N1B-20,2,20210923,180,5.9000,150.00,290.58,440.58,9700.00,307,116,2023-07-06,
BLP,BIL-5-N1B-20,3,20220322,180,5.9000,200.00,286.15,486.15,9500.00,307,116,2023-07-06,
BLP,BIL-5-N1B-20,4,20220918,180,5.9000,200.00,280.25,480.25,9300.00,307,116,2023-07-06,
BLP,BIL-5-N1B-20,5,20230317,180,5.9000,200.00,274.35,474.35,9100.00,307,116,2023-07-06,
BLP,BIL-5-N1B-20,6,20230913,180,5.9000,200.00,268.45,468.45,8900.00,307,116,2023-07-06,
BLP,BIL-5-N1B-20,7,20240311,180,5.9000,200.00,262.55,462.55,8700.00,307,116,2023-07-06,
BLP,BIL-5-N1B-20,8,20240907,180,5.9000,200.00,256.65,456.65,8500.00,307,116,2023-07-06,
BLP,BIL-5-N1B-20,9,20250306,180,5.9000,500.00,250.75,750.75,8000.00,307,116,2023-07-06,
BLP,BIL-5-N1B-20,10,20250902,180,5.9000,500.00,236.00,736.00,7500.00,307,116,2023-07-06,
BLP,BIL-5-N1B-20,11,20260301,180,5.9000,500.00,221.25,721.25,7000.00,307,116,2023-07-06,
BLP,BIL-5-N1B-20,12,20260828,180,5.9000,600.00,206.50,806.50,6400.00,307,116,2023-07-06,
BLP,BIL-5-N1B-20,13,20270224,180,5.9000,1000.00,188.80,1188.80,5400.00,307,116,2023-07-06,
BLP,BIL-5-N1B-20,14,20270823,180,5.9000,1000.00,159.30,1159.30,4400.00,307,116,2023-07-06,
BLP,BIL-5-N1B-20,15,20280219,180,5.9000,1000.00,129.80,1129.80,3400.00,307,116,2023-07-06,
BLP,BIL-5-N1B-20,16,20280817,180,5.9000,1000.00,100.30,1100.30,2400.00,307,116,2023-07-06,
BLP,BIL-5-N1B-20,17,20290213,180,5.9000,1200.00,70.80,1270.80,1200.00,307,116,2023-07-06,
BLP,BIL-5-N1B-20,18,20290812,180,5.9000,1200.00,35.40,1235.40,0.00,307,116,2023-07-06,
BLP,BIL-6-N1A-21,1,20220202,90,5.2000,0.00,130.00,130.00,10000.00,307,116,2023-07-06,
BLP,BIL-6-N1A-21,2,20220503,90,5.2000,0.00,130.00,130.00,10000.00,307,116,2023-07-06,
BLP,BIL-6-N1A-21,3,20220801,90,5.2000,0.00,130.00,130.00,10000.00,307,116,2023-07-06,
BLP,BIL-6-N1A-21,4,20221030,90,5.2000,0.00,130.00,130.00,10000.00,307,116,2023-07-06,
BLP,BIL-6-N1A-21,5,20230128,90,5.2000,0.00,130.00,130.00,10000.00,307,116,2023-07-06,
BLP,BIL-6-N1A-21,6,20230428,90,5.2000,0.00,130.00,130.00,10000.00,307,116,2023-07-06,
BLP,BIL-6-N1A-21,7,20230727,90,5.2000,2500.00,130.00,2630.00,7500.00,307,116,2023-07-06,
BLP,BIL-6-N1A-21,8,20231025,90,5.2000,7500.00,97.50,7597.50,0.00,307,116,2023-07-06,
BLP,BIL-6-N1B-21,1,20220202,90,5.6000,0.00,140.00,140.00,10000.00,307,116,2023-07-06,
BLP,BIL-6-N1B-21,2,20220503,90,5.6000,0.00,140.00,140.00,10000.00,307,116,2023-07-06,
BLP,BIL-6-N1B-21,3,20220801,90,5.6000,0.00,140.00,140.00,10000.00,307,116,2023-07-06,
BLP,BIL-6-N1B-21,4,20221030,90,5.6000,0.00,140.00,140.00,10000.00,307,116,2023-07-06,
BLP,BIL-6-N1B-21,5,20230128,90,5.6000,0.00,140.00,140.00,10000.00,307,116,2023-07-06,
BLP,BIL-6-N1B-21,6,20230428,90,5.6000,800.00,140.00,940.00,9200.00,307,116,2023-07-06,
BLP,BIL-6-N1B-21,7,20230727,90,5.6000,200.00,128.80,328.80,9000.00,307,116,2023-07-06,
BLP,BIL-6-N1B-21,8,20231025,90,5.6000,200.00,126.00,326.00,8800.00,307,116,2023-07-06,
BLP,BIL-6-N1B-21,9,20240123,90,5.6000,200.00,123.20,323.20,8600.00,307,116,2023-07-06,
BLP,BIL-6-N1B-21,10,20240422,90,5.6000,2000.00,120.40,2120.40,6600.00,307,116,2023-07-06,
BLP,BIL-6-N1B-21,11,20240721,90,5.6000,1900.00,92.40,1992.40,4700.00,307,116,2023-07-06,
BLP,BIL-6-N1B-21,12,20241019,90,5.6000,200.00,65.80,265.80,4500.00,307,116,2023-07-06,
BLP,BIL-6-N1B-21,13,20250117,90,5.6000,200.00,63.00,263.00,4300.00,307,116,2023-07-06,
BLP,BIL-6-N1B-21,14,20250417,90,5.6000,1800.00,60.20,1860.20,2500.00,307,116,2023-07-06,
BLP,BIL-6-N1B-21,15,20250716,90,5.6000,1700.00,35.00,1735.00,800.00,307,116,2023-07-06,
BLP,BIL-6-N1B-21,16,20251014,90,5.6000,800.00,11.20,811.20,0.00,307,116,2023-07-06,
BLP,BNL-3-N2U-21,1,20210925,180,5.5000,0.00,275.00,275.00,10000.00,307,116,2023-07-06,
BLP,BNL-3-N2U-21,2,20220324,180,5.5000,0.00,275.00,275.00,10000.00,307,116,2023-07-06,
BLP,BNL-3-N2U-21,3,20220920,180,5.5000,0.00,275.00,275.00,10000.00,307,116,2023-07-06,
BLP,BNL-3-N2U-21,4,20230319,180,5.5000,1150.00,275.00,1425.00,8850.00,307,116,2023-07-06,
BLP,BNL-3-N2U-21,5,20230915,180,5.5000,1150.00,243.38,1393.38,7700.00,307,116,2023-07-06,
BLP,BNL-3-N2U-21,6,20240313,180,5.5000,1400.00,211.75,1611.75,6300.00,307,116,2023-07-06,
BLP,BNL-3-N2U-21,7,20240909,180,5.5000,1400.00,173.25,1573.25,4900.00,307,116,2023-07-06,
BLP,BNL-3-N2U-21,8,20250308,180,5.5000,1600.00,134.75,1734.75,3300.00,307,116,2023-07-06,
BLP,BNL-3-N2U-21,9,20250904,180,5.5000,1600.00,90.75,1690.75,1700.00,307,116,2023-07-06,
BLP,BNL-3-N2U-21,10,20260303,180,5.5000,1700.00,46.75,1746.75,0.00,307,116,2023-07-06,
BLP,DIN-N1U-16,1,20170330,90,6.0000,6.25,15.00,21.25,993.75,307,116,2023-07-06,
BLP,DIN-N1U-16,2,20170628,90,6.0000,6.25,14.91,21.16,987.50,307,116,2023-07-06,
BLP,DIN-N1U-16,3,20170926,90,6.0000,6.25,14.81,21.06,981.25,307,116,2023-07-06,
BLP,DIN-N1U-16,4,20171225,90,6.0000,6.25,14.72,20.97,975.00,307,116,2023-07-06,
BLP,DIN-N1U-16,5,20180325,90,6.0000,6.25,14.63,20.88,968.75,307,116,2023-07-06,
BLP,DIN-N1U-16,6,20180623,90,6.0000,6.25,14.53,20.78,962.50,307,116,2023-07-06,
BLP,DIN-N1U-16,7,20180921,90,6.0000,6.25,14.44,20.69,956.25,307,116,2023-07-06,
BLP,DIN-N1U-16,8,20181220,90,6.0000,6.25,14.34,20.59,950.00,307,116,2023-07-06,
BLP,DIN-N1U-16,9,20190320,90,6.0000,6.25,14.25,20.50,943.75,307,116,2023-07-06,
BLP,DIN-N1U-16,10,20190618,90,6.0000,6.25,14.16,20.41,937.50,307,116,2023-07-06,
BLP,DIN-N1U-16,11,20190916,90,6.0000,6.25,14.06,20.31,931.25,307,116,2023-07-06,
BLP,DIN-N1U-16,12,20191215,90,6.0000,6.25,13.97,20.22,925.00,307,116,2023-07-06,
BLP,DIN-N1U-16,13,20200314,90,6.0000,6.25,13.88,20.13,918.75,307,116,2023-07-06,
BLP,DIN-N1U-16,14,20200612,90,6.0000,6.25,13.78,20.03,912.50,307,116,2023-07-06,
BLP,DIN-N1U-16,15,20200910,90,6.0000,6.25,13.69,19.94,906.25,307,116,2023-07-06,
BLP,DIN-N1U-16,16,20201209,90,6.0000,6.25,13.59,19.84,900.00,307,116,2023-07-06,
BLP,DIN-N1U-16,17,20210309,90,6.0000,6.25,13.50,19.75,893.75,307,116,2023-07-06,
BLP,DIN-N1U-16,18,20210607,90,6.0000,6.25,13.41,19.66,887.50,307,116,2023-07-06,
BLP,DIN-N1U-16,19,20210905,90,6.0000,6.25,13.31,19.56,881.25,307,116,2023-07-06,
BLP,DIN-N1U-16,20,20211204,90,6.0000,6.25,13.22,19.47,875.00,307,116,2023-07-06,
BLP,DIN-N1U-16,21,20220304,90,6.0000,6.25,13.13,19.38,868.75,307,116,2023-07-06,
BLP,DIN-N1U-16,22,20220602,90,6.0000,6.25,13.03,19.28,862.50,307,116,2023-07-06,
BLP,DIN-N1U-16,23,20220831,90,6.0000,6.25,12.94,19.19,856.25,307,116,2023-07-06,
BLP,DIN-N1U-16,24,20221129,90,6.0000,6.25,12.84,19.09,850.00,307,116,2023-07-06,
BLP,DIN-N1U-16,25,20230227,90,6.0000,6.25,12.75,19.00,843.75,307,116,2023-07-06,
BLP,DIN-N1U-16,26,20230528,90,6.0000,6.25,12.66,18.91,837.50,307,116,2023-07-06,
BLP,DIN-N1U-16,27,20230826,90,6.0000,6.25,12.56,18.81,831.25,307,116,2023-07-06,
BLP,DIN-N1U-16,28,20231124,90,6.0000,6.25,12.47,18.72,825.00,307,116,2023-07-06,
BLP,DIN-N1U-16,29,20240222,90,6.0000,6.25,12.38,18.63,818.75,307,116,2023-07-06,
BLP,DIN-N1U-16,30,20240522,90,6.0000,6.25,12.28,18.53,812.50,307,116,2023-07-06,
BLP,DIN-N1U-16,31,20240820,90,6.0000,6.25,12.19,18.44,806.25,307,116,2023-07-06,
BLP,DIN-N1U-16,32,20241118,90,6.0000,6.25,12.09,18.34,800.00,307,116,2023-07-06,
BLP,DIN-N1U-16,33,20250216,90,6.0000,25.00,12.00,37.00,775.00,307,116,2023-07-06,
BLP,DIN-N1U-16,34,20250517,90,6.0000,25.00,11.63,36.63,750.00,307,116,2023-07-06,
BLP,DIN-N1U-16,35,20250815,90,6.0000,25.00,11.25,36.25,725.00,307,116,2023-07-06,
BLP,DIN-N1U-16,36,20251113,90,6.0000,25.00,10.88,35.88,700.00,307,116,2023-07-06,
BLP,DIN-N1U-16,37,20260211,90,6.0000,75.00,10.50,85.50,625.00,307,116,2023-07-06,
BLP,DIN-N1U-16,38,20260512,90,6.0000,75.00,9.38,84.38,550.00,307,116,2023-07-06,
BLP,DIN-N1U-16,39,20260810,90,6.0000,75.00,8.25,83.25,475.00,307,116,2023-07-06,
BLP,DIN-N1U-16,40,20261108,90,6.0000,75.00,7.13,82.13,400.00,307,116,2023-07-06,
BLP,DIN-N1U-16,41,20270206,90,6.0000,100.00,6.00,106.00,300.00,307,116,2023-07-06,
BLP,DIN-N1U-16,42,20270507,90,6.0000,100.00,4.50,104.50,200.00,307,116,2023-07-06,
BLP,DIN-N1U-16,43,20270805,90,6.0000,100.00,3.00,103.00,100.00,307,116,2023-07-06,
BLP,DIN-N1U-16,44,20271103,90,6.0000,100.00,1.50,101.50,0.00,307,116,2023-07-06,
BLP,FAN-4-N1A-17,1,20180519,200,4.8000,0.00,266.67,266.67,10000.00,307,116,2023-07-06,
BLP,FAN-4-N1A-17,2,20181115,180,4.8000,0.00,240.00,240.00,10000.00,307,116,2023-07-06,
BLP,FAN-4-N1A-17,3,20190514,180,4.8000,0.00,240.00,240.00,10000.00,307,116,2023-07-06,
BLP,FAN-4-N1A-17,4,20191110,180,4.8000,0.00,240.00,240.00,10000.00,307,116,2023-07-06,
BLP,FAN-4-N1A-17,5,20200508,180,4.8000,0.00,240.00,240.00,10000.00,307,116,2023-07-06,
BLP,FAN-4-N1A-17,6,20201104,180,4.8000,0.00,240.00,240.00,10000.00,307,116,2023-07-06,
BLP,FAN-4-N1A-17,7,20210503,180,4.8000,0.00,240.00,240.00,10000.00,307,116,2023-07-06,
BLP,FAN-4-N1A-17,8,20211030,180,4.8000,3000.00,240.00,3240.00,7000.00,307,116,2023-07-06,
BLP,FAN-4-N1A-17,9,20220428,180,4.8000,0.00,168.00,168.00,7000.00,307,116,2023-07-06,
BLP,FAN-4-N1A-17,10,20221025,180,4.8000,1380.00,168.00,1548.00,5620.00,307,116,2023-07-06,
BLP,FAN-4-N1A-17,11,20230222,120,4.8000,580.00,89.92,669.92,5040.00,307,116,2023-07-06,
BLP,FAN-4-N1A-17,12,20230324,30,4.8000,590.00,20.16,610.16,4450.00,307,116,2023-07-06,
BLP,FAN-4-N1A-17,13,20230423,30,4.8000,130.00,17.80,147.80,4320.00,307,116,2023-07-06,
BLP,FAN-4-N1A-17,14,20230513,20,4.8000,140.00,11.52,151.52,4180.00,307,116,2023-07-06,
BLP,FAN-4-N1A-17,15,20230607,25,4.8000,140.00,13.93,153.93,4040.00,307,116,2023-07-06,
BLP,FAN-4-N1A-17,16,20230707,30,4.8000,140.00,16.16,156.16,3900.00,307,116,2023-07-06,
BLP,FAN-4-N1A-17,17,20230808,32,4.8000,150.00,16.64,166.64,3750.00,307,116,2023-07-06,
BLP,FAN-4-N1A-17,18,20230907,30,4.8000,150.00,15.00,165.00,3600.00,307,116,2023-07-06,
BLP,FAN-4-N1A-17,19,20231020,43,4.8000,3600.00,20.64,3620.64,0.00,307,116,2023-07-06,
BLP,FIN-4-N1U-19,1,20200531,180,5.5000,0.00,27.50,27.50,1000.00,307,116,2023-07-06,
BLP,FIN-4-N1U-19,2,20201127,180,5.5000,0.00,27.50,27.50,1000.00,307,116,2023-07-06,
BLP,FIN-4-N1U-19,3,20210526,180,5.5000,0.00,27.50,27.50,1000.00,307,116,2023-07-06,
BLP,FIN-4-N1U-19,4,20211122,180,5.5000,0.00,27.50,27.50,1000.00,307,116,2023-07-06,
BLP,FIN-4-N1U-19,5,20220521,180,5.5000,12.00,27.50,39.50,988.00,307,116,2023-07-06,
BLP,FIN-4-N1U-19,6,20221117,180,5.5000,12.00,27.17,39.17,976.00,307,116,2023-07-06,
BLP,FIN-4-N1U-19,7,20230516,180,5.5000,58.00,26.84,84.84,918.00,307,116,2023-07-06,
BLP,FIN-4-N1U-19,8,20231112,180,5.5000,58.00,25.25,83.25,860.00,307,116,2023-07-06,
BLP,FIN-4-N1U-19,9,20240510,180,5.5000,69.00,23.65,92.65,791.00,307,116,2023-07-06,
BLP,FIN-4-N1U-19,10,20241106,180,5.5000,69.00,21.75,90.75,722.00,307,116,2023-07-06,
BLP,FIN-4-N1U-19,11,20250505,180,5.5000,180.00,19.86,199.86,542.00,307,116,2023-07-06,
BLP,FIN-4-N1U-19,12,20251101,180,5.5000,180.00,14.91,194.91,362.00,307,116,2023-07-06,
BLP,FIN-4-N1U-19,13,20260430,180,5.5000,180.00,9.96,189.96,182.00,307,116,2023-07-06,
BLP,FIN-4-N1U-19,14,20261027,180,5.5000,182.00,5.01,187.01,0.00,307,116,2023-07-06,
BLP,FIN-5-N1U-22,1,20230125,180,5.4000,0.00,27.00,27.00,1000.00,307,116,2023-07-06,
BLP,FIN-5-N1U-22,2,20230724,180,5.4000,0.00,27.00,27.00,1000.00,307,116,2023-07-06,
BLP,FIN-5-N1U-22,3,20240120,180,5.4000,0.00,27.00,27.00,1000.00,307,116,2023-07-06,
BLP,FIN-5-N1U-22,4,20240718,180,5.4000,0.00,27.00,27.00,1000.00,307,116,2023-07-06,
BLP,FIN-5-N1U-22,5,20250114,180,5.4000,82.76,27.00,109.76,917.24,307,116,2023-07-06,
BLP,FIN-5-N1U-22,6,20250713,180,5.4000,82.76,24.77,107.53,834.48,307,116,2023-07-06,
BLP,FIN-5-N1U-22,7,20260109,180,5.4000,82.76,22.53,105.29,751.72,307,116,2023-07-06,
BLP,FIN-5-N1U-22,8,20260708,180,5.4000,82.76,20.30,103.06,668.96,307,116,2023-07-06,
BLP,FIN-5-N1U-22,9,20270104,180,5.4000,166.25,18.06,184.31,502.71,307,116,2023-07-06,
BLP,FIN-5-N1U-22,10,20270703,180,5.4000,166.25,13.57,179.82,336.46,307,116,2023-07-06,
BLP,FIN-5-N1U-22,11,20271230,180,5.4000,168.23,9.08,177.31,168.23,307,116,2023-07-06,
BLP,FIN-5-N1U-22,12,20280627,180,5.4000,168.23,4.54,172.77,0.00,307,116,2023-07-06,
BLP,NIB-1-N1B-20,1,20201025,180,5.6000,0.00,280.00,280.00,10000.00,307,116,2023-07-06,
BLP,NIB-1-N1B-20,2,20210423,180,5.6000,0.00,280.00,280.00,10000.00,307,116,2023-07-06,
BLP,NIB-1-N1B-20,3,20211020,180,5.6000,0.00,280.00,280.00,10000.00,307,116,2023-07-06,
BLP,NIB-1-N1B-20,4,20220418,180,5.6000,0.00,280.00,280.00,10000.00,307,116,2023-07-06,
BLP,NIB-1-N1B-20,5,20221015,180,5.6000,0.00,280.00,280.00,10000.00,307,116,2023-07-06,
BLP,NIB-1-N1B-20,6,20230413,180,5.6000,0.00,280.00,280.00,10000.00,307,116,2023-07-06,
BLP,NIB-1-N1B-20,7,20231010,180,5.6000,0.00,280.00,280.00,10000.00,307,116,2023-07-06,
BLP,NIB-1-N1B-20,8,20240407,180,5.6000,0.00,280.00,280.00,10000.00,307,116,2023-07-06,
BLP,NIB-1-N1B-20,9,20241004,180,5.6000,250.00,280.00,530.00,9750.00,307,116,2023-07-06,
BLP,NIB-1-N1B-20,10,20250402,180,5.6000,250.00,273.00,523.00,9500.00,307,116,2023-07-06,
BLP,NIB-1-N1B-20,11,20250929,180,5.6000,0.00,266.00,266.00,9500.00,307,116,2023-07-06,
BLP,NIB-1-N1B-20,12,20260328,180,5.6000,0.00,266.00,266.00,9500.00,307,116,2023-07-06,
BLP,NIB-1-N1B-20,13,20260924,180,5.6000,2500.00,266.00,2766.00,7000.00,307,116,2023-07-06,
BLP,NIB-1-N1B-20,14,20270323,180,5.6000,2000.00,196.00,2196.00,5000.00,307,116,2023-07-06,
BLP,NIB-1-N1B-20,15,20270919,180,5.6000,3000.00,140.00,3140.00,2000.00,307,116,2023-07-06,
BLP,NIB-1-N1B-20,16,20280317,180,5.6000,2000.00,56.00,2056.00,0.00,307,116,2023-07-06,
BLP,PTF-1-N1U-21,1,20210728,180,5.8000,0.00,290.00,290.00,10000.00,307,116,2023-07-06,
BLP,PTF-1-N1U-21,2,20220124,180,5.8000,0.00,290.00,290.00,10000.00,307,116,2023-07-06,
BLP,PTF-1-N1U-21,3,20220723,180,5.8000,0.00,290.00,290.00,10000.00,307,116,2023-07-06,
BLP,PTF-1-N1U-21,4,20230119,180,5.8000,0.00,290.00,290.00,10000.00,307,116,2023-07-06,
BLP,PTF-1-N1U-21,5,20230718,180,5.8000,0.00,290.00,290.00,10000.00,307,116,2023-07-06,
BLP,PTF-1-N1U-21,6,20240114,180,5.8000,2500.00,290.00,2790.00,7500.00,307,116,2023-07-06,
BLP,PTF-1-N1U-21,7,20240712,180,5.8000,0.00,217.50,217.50,7500.00,307,116,2023-07-06,
BLP,PTF-1-N1U-21,8,20250108,180,5.8000,2500.00,217.50,2717.50,5000.00,307,116,2023-07-06,
BLP,PTF-1-N1U-21,9,20250707,180,5.8000,0.00,145.00,145.00,5000.00,307,116,2023-07-06,
BLP,PTF-1-N1U-21,10,20260103,180,5.8000,2500.00,145.00,2645.00,2500.00,307,116,2023-07-06,
BLP,PTF-1-N1U-21,11,20260702,180,5.8000,0.00,72.50,72.50,2500.00,307,116,2023-07-06,
BLP,PTF-1-N1U-21,12,20261229,180,5.8000,2500.00,72.50,2572.50,0.00,307,116,2023-07-06,
BLP,SBC-7-N1U-16,1,20161128,90,5.0000,0.00,125.00,125.00,10000.00,307,116,2023-07-06,
BLP,SBC-7-N1U-16,2,20170226,90,5.0000,0.00,125.00,125.00,10000.00,307,116,2023-07-06,
BLP,SBC-7-N1U-16,3,20170527,90,5.0000,0.00,125.00,125.00,10000.00,307,116,2023-07-06,
BLP,SBC-7-N1U-16,4,20170825,90,5.0000,0.00,125.00,125.00,10000.00,307,116,2023-07-06,
BLP,SBC-7-N1U-16,5,20171123,90,5.0000,0.00,125.00,125.00,10000.00,307,116,2023-07-06,
BLP,SBC-7-N1U-16,6,20180221,90,5.0000,0.00,125.00,125.00,10000.00,307,116,2023-07-06,
BLP,SBC-7-N1U-16,7,20180522,90,5.0000,0.00,125.00,125.00,10000.00,307,116,2023-07-06,
BLP,SBC-7-N1U-16,8,20180820,90,5.0000,0.00,125.00,125.00,10000.00,307,116,2023-07-06,
BLP,SBC-7-N1U-16,9,20181118,90,5.0000,0.00,125.00,125.00,10000.00,307,116,2023-07-06,
BLP,SBC-7-N1U-16,10,20190216,90,5.0000,0.00,125.00,125.00,10000.00,307,116,2023-07-06,
BLP,SBC-7-N1U-16,11,20190517,90,5.0000,0.00,125.00,125.00,10000.00,307,116,2023-07-06,
BLP,SBC-7-N1U-16,12,20190815,90,5.0000,0.00,125.00,125.00,10000.00,307,116,2023-07-06,
BLP,SBC-7-N1U-16,13,20191113,90,5.0000,0.00,125.00,125.00,10000.00,307,116,2023-07-06,
BLP,SBC-7-N1U-16,14,20200211,90,5.0000,0.00,125.00,125.00,10000.00,307,116,2023-07-06,
BLP,SBC-7-N1U-16,15,20200511,90,5.0000,0.00,125.00,125.00,10000.00,307,116,2023-07-06,
BLP,SBC-7-N1U-16,16,20200809,90,5.0000,0.00,125.00,125.00,10000.00,307,116,2023-07-06,
BLP,SBC-7-N1U-16,17,20201107,90,5.0000,625.00,125.00,750.00,9375.00,307,116,2023-07-06,
BLP,SBC-7-N1U-16,18,20210205,90,5.0000,625.00,117.19,742.19,8750.00,307,116,2023-07-06,
BLP,SBC-7-N1U-16,19,20210506,90,5.0000,625.00,109.38,734.38,8125.00,307,116,2023-07-06,
BLP,SBC-7-N1U-16,20,20210804,90,5.0000,625.00,101.56,726.56,7500.00,307,116,2023-07-06,
BLP,SBC-7-N1U-16,21,20211102,90,5.0000,625.00,93.75,718.75,6875.00,307,116,2023-07-06,
BLP,SBC-7-N1U-16,22,20220131,90,5.0000,625.00,85.94,710.94,6250.00,307,116,2023-07-06,
BLP,SBC-7-N1U-16,23,20220501,90,5.0000,625.00,78.13,703.13,5625.00,307,116,2023-07-06,
BLP,SBC-7-N1U-16,24,20220730,90,5.0000,625.00,70.31,695.31,5000.00,307,116,2023-07-06,
BLP,SBC-7-N1U-16,25,20221028,90,5.0000,625.00,62.50,687.50,4375.00,307,116,2023-07-06,
BLP,SBC-7-N1U-16,26,20230126,90,5.0000,625.00,54.69,679.69,3750.00,307,116,2023-07-06,
BLP,SBC-7-N1U-16,27,20230426,90,5.0000,625.00,46.88,671.88,3125.00,307,116,2023-07-06,
BLP,SBC-7-N1U-16,28,20230725,90,5.0000,625.00,39.06,664.06,2500.00,307,116,2023-07-06,
BLP,SBC-7-N1U-16,29,20231023,90,5.0000,625.00,31.25,656.25,1875.00,307,116,2023-07-06,
BLP,SBC-7-N1U-16,30,20240121,90,5.0000,625.00,23.44,648.44,1250.00,307,116,2023-07-06,
BLP,SBC-7-N1U-16,31,20240420,90,5.0000,625.00,15.63,640.63,625.00,307,116,2023-07-06,
BLP,SBC-7-N1U-16,32,20240719,90,5.0000,625.00,7.81,632.81,0.00,307,116,2023-07-06,
BLP,SOF-N2U-22,1,20221220,90,6.0000,0.00,15.00,15.00,1000.00,307,116,2023-07-06,
BLP,SOF-N2U-22,2,20230320,90,6.0000,0.00,15.00,15.00,1000.00,307,116,2023-07-06,
BLP,SOF-N2U-22,3,20230618,90,6.0000,0.00,15.00,15.00,1000.00,307,116,2023-07-06,
BLP,SOF-N2U-22,4,20230916,90,6.0000,0.00,15.00,15.00,1000.00,307,116,2023-07-06,
BLP,SOF-N2U-22,5,20231215,90,6.0000,0.00,15.00,15.00,1000.00,307,116,2023-07-06,
BLP,SOF-N2U-22,6,20240314,90,6.0000,0.00,15.00,15.00,1000.00,307,116,2023-07-06,
BLP,SOF-N2U-22,7,20240612,90,6.0000,0.00,15.00,15.00,1000.00,307,116,2023-07-06,
BLP,SOF-N2U-22,8,20240910,90,6.0000,0.00,15.00,15.00,1000.00,307,116,2023-07-06,
BLP,SOF-N2U-22,9,20241209,90,6.0000,0.00,15.00,15.00,1000.00,307,116,2023-07-06,
BLP,SOF-N2U-22,10,20250309,90,6.0000,0.00,15.00,15.00,1000.00,307,116,2023-07-06,
BLP,SOF-N2U-22,11,20250607,90,6.0000,0.00,15.00,15.00,1000.00,307,116,2023-07-06,
BLP,SOF-N2U-22,12,20250905,90,6.0000,0.00,15.00,15.00,1000.00,307,116,2023-07-06,
BLP,SOF-N2U-22,13,20251204,90,6.0000,0.00,15.00,15.00,1000.00,307,116,2023-07-06,
BLP,SOF-N2U-22,14,20260304,90,6.0000,0.00,15.00,15.00,1000.00,307,116,2023-07-06,
BLP,SOF-N2U-22,15,20260602,90,6.0000,0.00,15.00,15.00,1000.00,307,116,2023-07-06,
BLP,SOF-N2U-22,16,20260831,90,6.0000,0.00,15.00,15.00,1000.00,307,116,2023-07-06,
BLP,SOF-N2U-22,17,20261129,90,6.0000,60.00,15.00,75.00,940.00,307,116,2023-07-06,
BLP,SOF-N2U-22,18,20270227,90,6.0000,60.00,14.10,74.10,880.00,307,116,2023-07-06,
BLP,SOF-N2U-22,19,20270528,90,6.0000,60.00,13.20,73.20,820.00,307,116,2023-07-06,
BLP,SOF-N2U-22,20,20270826,90,6.0000,60.00,12.30,72.30,760.00,307,116,2023-07-06,
BLP,SOF-N2U-22,21,20271124,90,6.0000,60.00,11.40,71.40,700.00,307,116,2023-07-06,
BLP,SOF-N2U-22,22,20280222,90,6.0000,60.00,10.50,70.50,640.00,307,116,2023-07-06,
BLP,SOF-N2U-22,23,20280522,90,6.0000,60.00,9.60,69.60,580.00,307,116,2023-07-06,
BLP,SOF-N2U-22,24,20280820,90,6.0000,60.00,8.70,68.70,520.00,307,116,2023-07-06,
BLP,SOF-N2U-22,25,20281118,90,6.0000,60.00,7.80,67.80,460.00,307,116,2023-07-06,
BLP,SOF-N2U-22,26,20290216,90,6.0000,60.00,6.90,66.90,400.00,307,116,2023-07-06,
BLP,SOF-N2U-22,27,20290517,90,6.0000,60.00,6.00,66.00,340.00,307,116,2023-07-06,
BLP,SOF-N2U-22,28,20290815,90,6.0000,60.00,5.10,65.10,280.00,307,116,2023-07-06,
BLP,SOF-N2U-22,29,20291113,90,6.0000,70.00,4.20,74.20,210.00,307,116,2023-07-06,
BLP,SOF-N2U-22,30,20300211,90,6.0000,70.00,3.15,73.15,140.00,307,116,2023-07-06,
BLP,SOF-N2U-22,31,20300512,90,6.0000,70.00,2.10,72.10,70.00,307,116,2023-07-06,
BLP,SOF-N2U-22,32,20300810,90,6.0000,70.00,1.05,71.05,0.00,307,116,2023-07-06,
BLP,TAE-N1A-22,1,20221026,180,6.2500,0.00,312.50,312.50,10000.00,307,116,2023-07-06,
BLP,TAE-N1A-22,2,20230424,180,6.2500,0.00,312.50,312.50,10000.00,307,116,2023-07-06,
BLP,TAE-N1A-22,3,20231021,180,6.2500,0.00,312.50,312.50,10000.00,307,116,2023-07-06,
BLP,TAE-N1A-22,4,20240418,180,6.2500,500.00,312.50,812.50,9500.00,307,116,2023-07-06,
BLP,TAE-N1A-22,5,20241015,180,6.2500,1000.00,296.88,1296.88,8500.00,307,116,2023-07-06,
BLP,TAE-N1A-22,6,20250413,180,6.2500,1000.00,265.63,1265.63,7500.00,307,116,2023-07-06,
BLP,TAE-N1A-22,7,20251010,180,6.2500,2500.00,234.38,2734.38,5000.00,307,116,2023-07-06,
BLP,TAE-N1A-22,8,20260408,180,6.2500,2500.00,156.25,2656.25,2500.00,307,116,2023-07-06,
BLP,TAE-N1A-22,9,20261005,180,6.2500,2500.00,78.13,2578.13,0.00,307,116,2023-07-06,
BLP,TCB-2-N1A-16,1,20170207,180,3.9500,0.00,197.50,197.50,10000.00,307,116,2023-07-06,
BLP,TCB-2-N1A-16,2,20170806,180,3.9500,0.00,197.50,197.50,10000.00,307,116,2023-07-06,
BLP,TCB-2-N1A-16,3,20180202,180,3.9500,0.00,197.50,197.50,10000.00,307,116,2023-07-06,
BLP,TCB-2-N1A-16,4,20180801,180,3.9500,1429.00,197.50,1626.50,8571.00,307,116,2023-07-06,
BLP,TCB-2-N1A-16,5,20190128,180,3.9500,0.00,169.28,169.28,8571.00,307,116,2023-07-06,
BLP,TCB-2-N1A-16,6,20190727,180,3.9500,1429.00,169.28,1598.28,7142.00,307,116,2023-07-06,
BLP,TCB-2-N1A-16,7,20200123,180,3.9500,0.00,141.05,141.05,7142.00,307,116,2023-07-06,
BLP,TCB-2-N1A-16,8,20200721,180,3.9500,1429.00,141.05,1570.05,5713.00,307,116,2023-07-06,
BLP,TCB-2-N1A-16,9,20210117,180,3.9500,0.00,112.83,112.83,5713.00,307,116,2023-07-06,
BLP,TCB-2-N1A-16,10,20210716,180,3.9500,1429.00,112.83,1541.83,4284.00,307,116,2023-07-06,
BLP,TCB-2-N1A-16,11,20220112,180,3.9500,0.00,84.61,84.61,4284.00,307,116,2023-07-06,
BLP,TCB-2-N1A-16,12,20220711,180,3.9500,1429.00,84.61,1513.61,2855.00,307,116,2023-07-06,
BLP,TCB-2-N1A-16,13,20230107,180,3.9500,0.00,56.39,56.39,2855.00,307,116,2023-07-06,
BLP,TCB-2-N1A-16,14,20230706,180,3.9500,1429.00,56.39,1485.39,1426.00,307,116,2023-07-06,
BLP,TCB-2-N1A-16,15,20240102,180,3.9500,0.00,28.16,28.16,1426.00,307,116,2023-07-06,
BLP,TCB-2-N1A-16,16,20240630,180,3.9500,1426.00,28.16,1454.16,0.00,307,116,2023-07-06,
BTS,NC15601826,1,20181228,182,4.0000,0.00,20.22,20.22,1000.00,307,116,2023-07-06,
BTS,NC15601826,2,20190628,182,4.0000,0.00,20.22,20.22,1000.00,307,116,2023-07-06,
BTS,NC15601826,3,20191227,182,4.0000,0.00,20.22,20.22,1000.00,307,116,2023-07-06,
BTS,NC15601826,4,20200626,182,4.0000,0.00,20.22,20.22,1000.00,307,116,2023-07-06,
BTS,NC15601826,5,20201225,182,4.0000,0.00,20.22,20.22,1000.00,307,116,2023-07-06,
BTS,NC15601826,6,20210625,182,4.0000,0.00,20.22,20.22,1000.00,307,116,2023-07-06,
BTS,NC15601826,7,20211224,182,4.0000,0.00,20.22,20.22,1000.00,307,116,2023-07-06,
BTS,NC15601826,8,20220624,182,4.0000,0.00,20.22,20.22,1000.00,307,116,2023-07-06,
BTS,NC15601826,9,20221223,182,4.0000,0.00,20.22,20.22,1000.00,307,116,2023-07-06,
BTS,NC15601826,10,20230623,182,4.0000,0.00,20.22,20.22,1000.00,307,116,2023-07-06,
BTS,NC15601826,11,20231222,182,4.0000,0.00,20.22,20.22,1000.00,307,116,2023-07-06,
BTS,NC15601826,12,20240621,182,4.0000,0.00,20.22,20.22,1000.00,307,116,2023-07-06,
BTS,NC15601826,13,20241220,182,4.0000,0.00,20.22,20.22,1000.00,307,116,2023-07-06,
BTS,NC15601826,14,20250620,182,4.0000,0.00,20.22,20.22,1000.00,307,116,2023-07-06,
BTS,NC15601826,15,20251219,182,4.0000,0.00,20.22,20.22,1000.00,307,116,2023-07-06,
BTS,NC15601826,16,20260619,182,4.0000,0.00,20.22,20.22,1000.00,307,116,2023-07-06,
BTS,NC15601826,17,20261218,182,4.0000,0.00,20.22,20.22,1000.00,307,116,2023-07-06,
BTS,NC15601826,18,20270618,182,4.0000,0.00,20.22,20.22,1000.00,307,116,2023-07-06,
BTS,NC15601826,19,20271217,182,4.0000,0.00,20.22,20.22,1000.00,307,116,2023-07-06,
BTS,NC15601826,20,20280616,182,4.0000,0.00,20.22,20.22,1000.00,307,116,2023-07-06,
BTS,NC15601826,21,20281215,182,4.0000,0.00,20.22,20.22,1000.00,307,116,2023-07-06,
BTS,NC15601826,22,20290615,182,4.0000,0.00,20.22,20.22,1000.00,307,116,2023-07-06,
BTS,NC15601826,23,20291214,182,4.0000,0.00,20.22,20.22,1000.00,307,116,2023-07-06,
BTS,NC15601826,24,20300614,182,4.0000,0.00,20.22,20.22,1000.00,307,116,2023-07-06,
BTS,NC15601826,25,20301213,182,4.0000,0.00,20.22,20.22,1000.00,307,116,2023-07-06,
BTS,NC15601826,26,20310613,182,4.0000,0.00,20.22,20.22,1000.00,307,116,2023-07-06,
BTS,NC15601826,27,20311212,182,4.0000,0.00,20.22,20.22,1000.00,307,116,2023-07-06,
BTS,NC15601826,28,20320611,182,4.0000,0.00,20.22,20.22,1000.00,307,116,2023-07-06,
BTS,NC15601826,29,20321210,182,4.0000,0.00,20.22,20.22,1000.00,307,116,2023-07-06,
BTS,NC15601826,30,20330610,182,4.0000,0.00,20.22,20.22,1000.00,307,116,2023-07-06,
BTS,NC15601826,31,20331209,182,4.0000,0.00,20.22,20.22,1000.00,307,116,2023-07-06,
BTS,NC15601826,32,20340609,182,4.0000,0.00,20.22,20.22,1000.00,307,116,2023-07-06,
BTS,NC15601826,33,20341208,182,4.0000,0.00,20.22,20.22,1000.00,307,116,2023-07-06,
BTS,NC15601826,34,20350608,182,4.0000,0.00,20.22,20.22,1000.00,307,116,2023-07-06,
BTS,NC15601826,35,20351207,182,4.0000,0.00,20.22,20.22,1000.00,307,116,2023-07-06,
BTS,NC15601826,36,20360606,182,4.0000,0.00,20.22,20.22,1000.00,307,116,2023-07-06,
BTS,NC15601826,37,20361205,182,4.0000,0.00,20.22,20.22,1000.00,307,116,2023-07-06,
BTS,NC15601826,38,20370605,182,4.0000,0.00,20.22,20.22,1000.00,307,116,2023-07-06,
BTS,NC15601826,39,20371204,182,4.0000,0.00,20.22,20.22,1000.00,307,116,2023-07-06,
BTS,NC15601826,40,20380604,182,4.0000,0.00,20.22,20.22,1000.00,307,116,2023-07-06,
BTS,NC15601826,41,20381203,182,4.0000,0.00,20.22,20.22,1000.00,307,116,2023-07-06,
BTS,NC15601826,42,20390603,182,4.0000,0.00,20.22,20.22,1000.00,307,116,2023-07-06,
BTS,NC15601826,43,20391202,182,4.0000,0.00,20.22,20.22,1000.00,307,116,2023-07-06,
BTS,NC15601826,44,20400601,182,4.0000,0.00,20.22,20.22,1000.00,307,116,2023-07-06,
BTS,NC15601826,45,20401130,182,4.0000,0.00,20.22,20.22,1000.00,307,116,2023-07-06,
BTS,NC15601826,46,20410531,182,4.0000,0.00,20.22,20.22,1000.00,307,116,2023-07-06,
BTS,NC15601826,47,20411129,182,4.0000,0.00,20.22,20.22,1000.00,307,116,2023-07-06,
BTS,NC15601826,48,20420530,182,4.0000,0.00,20.22,20.22,1000.00,307,116,2023-07-06,
BTS,NC15601826,49,20421128,182,4.0000,0.00,20.22,20.22,1000.00,307,116,2023-07-06,
BTS,NC15601826,50,20430529,182,4.0000,0.00,20.22,20.22,1000.00,307,116,2023-07-06,
BTS,NC15601826,51,20431127,182,4.0000,0.00,20.22,20.22,1000.00,307,116,2023-07-06,
BTS,NC15601826,52,20440527,182,4.0000,0.00,20.22,20.22,1000.00,307,116,2023-07-06,
BTS,NC15601826,53,20441125,182,4.0000,0.00,20.22,20.22,1000.00,307,116,2023-07-06,
BTS,NC15601826,54,20450526,182,4.0000,0.00,20.22,20.22,1000.00,307,116,2023-07-06,
BTS,NC15601826,55,20451124,182,4.0000,0.00,20.22,20.22,1000.00,307,116,2023-07-06,
BTS,NC15601826,56,20460525,182,4.0000,0.00,20.22,20.22,1000.00,307,116,2023-07-06,
BTS,NC15601826,57,20461123,182,4.0000,0.00,20.22,20.22,1000.00,307,116,2023-07-06,
BTS,NC15601826,58,20470524,182,4.0000,0.00,20.22,20.22,1000.00,307,116,2023-07-06,
BTS,NC15601826,59,20471122,182,4.0000,0.00,20.22,20.22,1000.00,307,116,2023-07-06,
BTS,NC15601826,60,20480522,182,4.0000,1000.00,20.22,1020.22,0.00,307,116,2023-07-06,
DPF,BMEN12567921,1,20220424,360,4.7000,0.00,141000.00,141000.00,3000000.00,307,116,2023-07-06,
DPF,BMEN12567921,2,20230419,360,4.7000,0.00,141000.00,141000.00,3000000.00,307,116,2023-07-06,
DPF,BMEN12567921,3,20240413,360,4.7000,0.00,141000.00,141000.00,3000000.00,307,116,2023-07-06,
DPF,BMEN12567921,4,20240415,2,4.7000,3000000.00,783.33,3000783.33,0.00,307,116,2023-07-06,
DPF,BMEN14849922,1,20230324,360,3.8500,0.00,30800.00,30800.00,800000.00,307,116,2023-07-06,
DPF,BMEN14849922,2,20240318,360,3.8500,0.00,30800.00,30800.00,800000.00,307,116,2023-07-06,
DPF,BMEN14849922,3,20240606,80,3.8500,800000.00,6844.44,806844.44,0.00,307,116,2023-07-06,
DPF,BMEN15097222,1,20220728,90,3.8500,0.00,3850.00,3850.00,400000.00,307,116,2023-07-06,
DPF,BMEN15097222,2,20221026,90,3.8500,0.00,3850.00,3850.00,400000.00,307,116,2023-07-06,
DPF,BMEN15097222,3,20230124,90,3.8500,0.00,3850.00,3850.00,400000.00,307,116,2023-07-06,
DPF,BMEN15097222,4,20230424,90,3.8500,0.00,3850.00,3850.00,400000.00,307,116,2023-07-06,
DPF,BMEN15097222,5,20230723,90,3.8500,0.00,3850.00,3850.00,400000.00,307,116,2023-07-06,
DPF,BMEN15097222,6,20231021,90,3.8500,0.00,3850.00,3850.00,400000.00,307,116,2023-07-06,
DPF,BMEN15097222,7,20240119,90,3.8500,0.00,3850.00,3850.00,400000.00,307,116,2023-07-06,
DPF,BMEN15097222,8,20240418,90,3.8500,400000.00,3850.00,403850.00,0.00,307,116,2023-07-06,
DPF,BMEN15097322,1,20220728,90,3.8500,0.00,3850.00,3850.00,400000.00,307,116,2023-07-06,
DPF,BMEN15097322,2,20221026,90,3.8500,0.00,3850.00,3850.00,400000.00,307,116,2023-07-06,
DPF,BMEN15097322,3,20230124,90,3.8500,0.00,3850.00,3850.00,400000.00,307,116,2023-07-06,
DPF,BMEN15097322,4,20230424,90,3.8500,0.00,3850.00,3850.00,400000.00,307,116,2023-07-06,
DPF,BMEN15097322,5,20230723,90,3.8500,0.00,3850.00,3850.00,400000.00,307,116,2023-07-06,
DPF,BMEN15097322,6,20231021,90,3.8500,0.00,3850.00,3850.00,400000.00,307,116,2023-07-06,
DPF,BMEN15097322,7,20240119,90,3.8500,0.00,3850.00,3850.00,400000.00,307,116,2023-07-06,
DPF,BMEN15097322,8,20240418,90,3.8500,400000.00,3850.00,403850.00,0.00,307,116,2023-07-06,
DPF,BNBN00248022,1,20230422,360,3.7000,0.00,92500.00,92500.00,2500000.00,307,116,2023-07-06,
DPF,BNBN00248022,2,20240416,360,3.7000,0.00,92500.00,92500.00,2500000.00,307,116,2023-07-06,
DPF,BNBN00248022,3,20240502,16,3.7000,2500000.00,4111.11,2504111.11,0.00,307,116,2023-07-06,
DPF,BNBN00346523,1,20240622,360,4.2500,0.00,106250.00,106250.00,2500000.00,307,116,2023-07-06,
DPF,BNBN00346523,2,20250103,195,4.2500,2500000.00,57552.08,2557552.08,0.00,307,116,2023-07-06,
DPF,BSON39002918,1,20190625,180,4.3000,0.00,43000.00,43000.00,2000000.00,307,116,2023-07-06,
DPF,BSON39002918,2,20191223,181,4.3000,0.00,43238.89,43238.89,2000000.00,307,116,2023-07-06,
DPF,BSON39002918,3,20200619,179,4.3000,0.00,42761.11,42761.11,2000000.00,307,116,2023-07-06,
DPF,BSON39002918,4,20201216,180,4.3000,0.00,43000.00,43000.00,2000000.00,307,116,2023-07-06,
DPF,BSON39002918,5,20210614,180,4.3000,0.00,43000.00,43000.00,2000000.00,307,116,2023-07-06,
DPF,BSON39002918,6,20211211,180,4.3000,0.00,43000.00,43000.00,2000000.00,307,116,2023-07-06,
DPF,BSON39002918,7,20220609,180,4.3000,0.00,43000.00,43000.00,2000000.00,307,116,2023-07-06,
DPF,BSON39002918,8,20221206,180,4.3000,0.00,43000.00,43000.00,2000000.00,307,116,2023-07-06,
DPF,BSON39002918,9,20230605,181,4.3000,0.00,43238.89,43238.89,2000000.00,307,116,2023-07-06,
DPF,BSON39002918,10,20231201,179,4.3000,2000000.00,42761.11,2042761.11,0.00,307,116,2023-07-06,
DPF,FEFN27023822,1,20221026,180,4.0000,0.00,20000.00,20000.00,1000000.00,307,116,2023-07-06,
DPF,FEFN27023822,2,20230424,180,4.0000,0.00,20000.00,20000.00,1000000.00,307,116,2023-07-06,
DPF,FEFN27023822,3,20231021,180,4.0000,0.00,20000.00,20000.00,1000000.00,307,116,2023-07-06,
DPF,FEFN27023822,4,20240418,180,4.0000,0.00,20000.00,20000.00,1000000.00,307,116,2023-07-06,
DPF,FEFN27023822,5,20240419,1,4.0000,1000000.00,111.11,1000111.11,0.00,307,116,2023-07-06,
DPF,FEFN27952522,1,20221227,180,4.2500,0.00,12750.00,12750.00,600000.00,307,116,2023-07-06,
DPF,FEFN27952522,2,20230625,180,4.2500,0.00,12750.00,12750.00,600000.00,307,116,2023-07-06,
DPF,FEFN27952522,3,20231222,180,4.2500,0.00,12750.00,12750.00,600000.00,307,116,2023-07-06,
DPF,FEFN27952522,4,20240619,180,4.2500,0.00,12750.00,12750.00,600000.00,307,116,2023-07-06,
DPF,FEFN27952522,5,20240620,1,4.2500,600000.00,70.83,600070.83,0.00,307,116,2023-07-06,
DPF,FEFN27953022,1,20221227,180,4.2500,0.00,12750.00,12750.00,600000.00,307,116,2023-07-06,
DPF,FEFN27953022,2,20230625,180,4.2500,0.00,12750.00,12750.00,600000.00,307,116,2023-07-06,
DPF,FEFN27953022,3,20231222,180,4.2500,0.00,12750.00,12750.00,600000.00,307,116,2023-07-06,
DPF,FEFN27953022,4,20240619,180,4.2500,0.00,12750.00,12750.00,600000.00,307,116,2023-07-06,
DPF,FEFN27953022,5,20240620,1,4.2500,600000.00,70.83,600070.83,0.00,307,116,2023-07-06,
DPF,FEFN29152122,1,20230329,180,4.4500,0.00,13350.00,13350.00,600000.00,307,116,2023-07-06,
DPF,FEFN29152122,2,20230925,180,4.4500,0.00,13350.00,13350.00,600000.00,307,116,2023-07-06,
DPF,FEFN29152122,3,20240323,180,4.4500,0.00,13350.00,13350.00,600000.00,307,116,2023-07-06,
DPF,FEFN29152122,4,20240919,180,4.4500,0.00,13350.00,13350.00,600000.00,307,116,2023-07-06,
DPF,FEFN29152122,5,20240920,1,4.4500,600000.00,74.17,600074.17,0.00,307,116,2023-07-06,
DPF,FEFN29152222,1,20230329,180,4.4500,0.00,13350.00,13350.00,600000.00,307,116,2023-07-06,
DPF,FEFN29152222,2,20230925,180,4.4500,0.00,13350.00,13350.00,600000.00,307,116,2023-07-06,
DPF,FEFN29152222,3,20240323,180,4.4500,0.00,13350.00,13350.00,600000.00,307,116,2023-07-06,
DPF,FEFN29152222,4,20240919,180,4.4500,0.00,13350.00,13350.00,600000.00,307,116,2023-07-06,
DPF,FEFN29152222,5,20240920,1,4.4500,600000.00,74.17,600074.17,0.00,307,116,2023-07-06,
DPF,FEFN29152322,1,20230329,180,4.4500,0.00,17800.00,17800.00,800000.00,307,116,2023-07-06,
DPF,FEFN29152322,2,20230925,180,4.4500,0.00,17800.00,17800.00,800000.00,307,116,2023-07-06,
DPF,FEFN29152322,3,20240323,180,4.4500,0.00,17800.00,17800.00,800000.00,307,116,2023-07-06,
DPF,FEFN29152322,4,20240919,180,4.4500,0.00,17800.00,17800.00,800000.00,307,116,2023-07-06,
DPF,FEFN29152322,5,20240920,1,4.4500,800000.00,98.89,800098.89,0.00,307,116,2023-07-06,
DPF,FEFN30207722,1,20230626,180,4.2800,0.00,10700.00,10700.00,500000.00,307,116,2023-07-06,
DPF,FEFN30207722,2,20231223,180,4.2800,0.00,10700.00,10700.00,500000.00,307,116,2023-07-06,
DPF,FEFN30207722,3,20240620,180,4.2800,0.00,10700.00,10700.00,500000.00,307,116,2023-07-06,
DPF,FEFN30207722,4,20241217,180,4.2800,0.00,10700.00,10700.00,500000.00,307,116,2023-07-06,
DPF,FEFN30207722,5,20241218,1,4.2800,500000.00,59.44,500059.44,0.00,307,116,2023-07-06,
DPF,FEFN30207822,1,20230626,180,4.2800,0.00,10700.00,10700.00,500000.00,307,116,2023-07-06,
DPF,FEFN30207822,2,20231223,180,4.2800,0.00,10700.00,10700.00,500000.00,307,116,2023-07-06,
DPF,FEFN30207822,3,20240620,180,4.2800,0.00,10700.00,10700.00,500000.00,307,116,2023-07-06,
DPF,FEFN30207822,4,20241217,180,4.2800,0.00,10700.00,10700.00,500000.00,307,116,2023-07-06,
DPF,FEFN30207822,5,20241218,1,4.2800,500000.00,59.44,500059.44,0.00,307,116,2023-07-06,
DPF,FFON06359021,1,20220326,180,4.1000,0.00,20500.00,20500.00,1000000.00,307,116,2023-07-06,
DPF,FFON06359021,2,20220922,180,4.1000,0.00,20500.00,20500.00,1000000.00,307,116,2023-07-06,
DPF,FFON06359021,3,20230321,180,4.1000,0.00,20500.00,20500.00,1000000.00,307,116,2023-07-06,
DPF,FFON06359021,4,20230710,111,4.1000,1000000.00,12641.67,1012641.67,0.00,307,116,2023-07-06,
DPF,FSLN44238822,1,20230115,30,8.0000,0.00,2000.00,2000.00,300000.00,307,116,2023-07-06,
DPF,FSLN44238822,2,20230214,30,8.0000,0.00,2000.00,2000.00,300000.00,307,116,2023-07-06,
DPF,FSLN44238822,3,20230316,30,8.0000,0.00,2000.00,2000.00,300000.00,307,116,2023-07-06,
DPF,FSLN44238822,4,20230415,30,8.0000,0.00,2000.00,2000.00,300000.00,307,116,2023-07-06,
DPF,FSLN44238822,5,20230515,30,8.0000,0.00,2000.00,2000.00,300000.00,307,116,2023-07-06,
DPF,FSLN44238822,6,20230614,30,8.0000,0.00,2000.00,2000.00,300000.00,307,116,2023-07-06,
DPF,FSLN44238822,7,20230714,30,8.0000,0.00,2000.00,2000.00,300000.00,307,116,2023-07-06,
DPF,FSLN44238822,8,20230813,30,8.0000,0.00,2000.00,2000.00,300000.00,307,116,2023-07-06,
DPF,FSLN44238822,9,20230912,30,8.0000,0.00,2000.00,2000.00,300000.00,307,116,2023-07-06,
DPF,FSLN44238822,10,20231012,30,8.0000,0.00,2000.00,2000.00,300000.00,307,116,2023-07-06,
DPF,FSLN44238822,11,20231111,30,8.0000,0.00,2000.00,2000.00,300000.00,307,116,2023-07-06,
DPF,FSLN44238822,12,20231211,30,8.0000,0.00,2000.00,2000.00,300000.00,307,116,2023-07-06,
DPF,FSLN44238822,13,20240110,30,8.0000,0.00,2000.00,2000.00,300000.00,307,116,2023-07-06,
DPF,FSLN44238822,14,20240209,30,8.0000,0.00,2000.00,2000.00,300000.00,307,116,2023-07-06,
DPF,FSLN44238822,15,20240310,30,8.0000,0.00,2000.00,2000.00,300000.00,307,116,2023-07-06,
DPF,FSLN44238822,16,20240409,30,8.0000,0.00,2000.00,2000.00,300000.00,307,116,2023-07-06,
DPF,FSLN44238822,17,20240509,30,8.0000,0.00,2000.00,2000.00,300000.00,307,116,2023-07-06,
DPF,FSLN44238822,18,20240608,30,8.0000,0.00,2000.00,2000.00,300000.00,307,116,2023-07-06,
DPF,FSLN44238822,19,20240708,30,8.0000,0.00,2000.00,2000.00,300000.00,307,116,2023-07-06,
DPF,FSLN44238822,20,20240807,30,8.0000,0.00,2000.00,2000.00,300000.00,307,116,2023-07-06,
DPF,FSLN44238822,21,20240906,30,8.0000,0.00,2000.00,2000.00,300000.00,307,116,2023-07-06,
DPF,FSLN44238822,22,20241006,30,8.0000,0.00,2000.00,2000.00,300000.00,307,116,2023-07-06,
DPF,FSLN44238822,23,20241105,30,8.0000,0.00,2000.00,2000.00,300000.00,307,116,2023-07-06,
DPF,FSLN44238822,24,20241205,30,8.0000,0.00,2000.00,2000.00,300000.00,307,116,2023-07-06,
DPF,FSLN44238822,25,20241206,1,8.0000,300000.00,66.67,300066.67,0.00,307,116,2023-07-06,
DPF,FSLN44286922,1,20230118,30,8.0000,0.00,1366.67,1366.67,205000.00,307,116,2023-07-06,
DPF,FSLN44286922,2,20230217,30,8.0000,0.00,1366.67,1366.67,205000.00,307,116,2023-07-06,
DPF,FSLN44286922,3,20230319,30,8.0000,0.00,1366.67,1366.67,205000.00,307,116,2023-07-06,
DPF,FSLN44286922,4,20230418,30,8.0000,0.00,1366.67,1366.67,205000.00,307,116,2023-07-06,
DPF,FSLN44286922,5,20230518,30,8.0000,0.00,1366.67,1366.67,205000.00,307,116,2023-07-06,
DPF,FSLN44286922,6,20230617,30,8.0000,0.00,1366.67,1366.67,205000.00,307,116,2023-07-06,
DPF,FSLN44286922,7,20230717,30,8.0000,0.00,1366.67,1366.67,205000.00,307,116,2023-07-06,
DPF,FSLN44286922,8,20230816,30,8.0000,0.00,1366.67,1366.67,205000.00,307,116,2023-07-06,
DPF,FSLN44286922,9,20230915,30,8.0000,0.00,1366.67,1366.67,205000.00,307,116,2023-07-06,
DPF,FSLN44286922,10,20231015,30,8.0000,0.00,1366.67,1366.67,205000.00,307,116,2023-07-06,
DPF,FSLN44286922,11,20231114,30,8.0000,0.00,1366.67,1366.67,205000.00,307,116,2023-07-06,
DPF,FSLN44286922,12,20231214,30,8.0000,0.00,1366.67,1366.67,205000.00,307,116,2023-07-06,
DPF,FSLN44286922,13,20240113,30,8.0000,0.00,1366.67,1366.67,205000.00,307,116,2023-07-06,
DPF,FSLN44286922,14,20240212,30,8.0000,0.00,1366.67,1366.67,205000.00,307,116,2023-07-06,
DPF,FSLN44286922,15,20240313,30,8.0000,0.00,1366.67,1366.67,205000.00,307,116,2023-07-06,
DPF,FSLN44286922,16,20240412,30,8.0000,0.00,1366.67,1366.67,205000.00,307,116,2023-07-06,
DPF,FSLN44286922,17,20240512,30,8.0000,0.00,1366.67,1366.67,205000.00,307,116,2023-07-06,
DPF,FSLN44286922,18,20240611,30,8.0000,0.00,1366.67,1366.67,205000.00,307,116,2023-07-06,
DPF,FSLN44286922,19,20240711,30,8.0000,0.00,1366.67,1366.67,205000.00,307,116,2023-07-06,
DPF,FSLN44286922,20,20240810,30,8.0000,0.00,1366.67,1366.67,205000.00,307,116,2023-07-06,
DPF,FSLN44286922,21,20240909,30,8.0000,0.00,1366.67,1366.67,205000.00,307,116,2023-07-06,
DPF,FSLN44286922,22,20241009,30,8.0000,0.00,1366.67,1366.67,205000.00,307,116,2023-07-06,
DPF,FSLN44286922,23,20241108,30,8.0000,0.00,1366.67,1366.67,205000.00,307,116,2023-07-06,
DPF,FSLN44286922,24,20241208,30,8.0000,0.00,1366.67,1366.67,205000.00,307,116,2023-07-06,
DPF,FSLN44286922,25,20241209,1,8.0000,205000.00,45.56,205045.56,0.00,307,116,2023-07-06,
VTD,PML-TD-NU,1,20210813,72,6.0000,0.00,60.00,60.00,5000.00,307,116,2023-07-06,
VTD,PML-TD-NU,2,20210913,31,6.0000,0.00,25.83,25.83,5000.00,307,116,2023-07-06,
VTD,PML-TD-NU,3,20211013,30,6.0000,0.00,25.00,25.00,5000.00,307,116,2023-07-06,
VTD,PML-TD-NU,4,20211113,31,6.0000,0.00,25.83,25.83,5000.00,307,116,2023-07-06,
VTD,PML-TD-NU,5,20211214,31,6.0000,0.00,25.83,25.83,5000.00,307,116,2023-07-06,
VTD,PML-TD-NU,6,20220113,30,6.0000,0.00,25.00,25.00,5000.00,307,116,2023-07-06,
VTD,PML-TD-NU,7,20220213,31,6.0000,0.00,25.83,25.83,5000.00,307,116,2023-07-06,
VTD,PML-TD-NU,8,20220315,30,6.0000,0.00,25.00,25.00,5000.00,307,116,2023-07-06,
VTD,PML-TD-NU,9,20220415,31,6.0000,0.00,25.83,25.83,5000.00,307,116,2023-07-06,
VTD,PML-TD-NU,10,20220516,31,6.0000,0.00,25.83,25.83,5000.00,307,116,2023-07-06,
VTD,PML-TD-NU,11,20220613,28,6.0000,0.00,23.33,23.33,5000.00,307,116,2023-07-06,
VTD,PML-TD-NU,12,20220714,31,6.0000,0.00,25.83,25.83,5000.00,307,116,2023-07-06,
VTD,PML-TD-NU,13,20220813,30,6.0000,127.11,25.00,152.11,4872.89,307,116,2023-07-06,
VTD,PML-TD-NU,14,20220913,31,6.0000,126.93,25.18,152.11,4745.96,307,116,2023-07-06,
VTD,PML-TD-NU,15,20221013,30,6.0000,128.38,23.73,152.11,4617.58,307,116,2023-07-06,
VTD,PML-TD-NU,16,20221113,31,6.0000,128.25,23.86,152.11,4489.33,307,116,2023-07-06,
VTD,PML-TD-NU,17,20221214,31,6.0000,128.92,23.19,152.11,4360.41,307,116,2023-07-06,
VTD,PML-TD-NU,18,20230113,30,6.0000,130.31,21.80,152.11,4230.10,307,116,2023-07-06,
VTD,PML-TD-NU,19,20230213,31,6.0000,130.25,21.86,152.11,4099.85,307,116,2023-07-06,
VTD,PML-TD-NU,20,20230315,30,6.0000,131.61,20.50,152.11,3968.24,307,116,2023-07-06,
VTD,PML-TD-NU,21,20230415,31,6.0000,131.61,20.50,152.11,3836.63,307,116,2023-07-06,
VTD,PML-TD-NU,22,20230516,31,6.0000,132.29,19.82,152.11,3704.34,307,116,2023-07-06,
VTD,PML-TD-NU,23,20230613,28,6.0000,134.82,17.29,152.11,3569.52,307,116,2023-07-06,
VTD,PML-TD-NU,24,20230714,31,6.0000,133.67,18.44,152.11,3435.85,307,116,2023-07-06,
VTD,PML-TD-NU,25,20230813,30,6.0000,134.93,17.18,152.11,3300.92,307,116,2023-07-06,
VTD,PML-TD-NU,26,20230913,31,6.0000,135.06,17.05,152.11,3165.86,307,116,2023-07-06,
VTD,PML-TD-NU,27,20231013,30,6.0000,136.28,15.83,152.11,3029.58,307,116,2023-07-06,
VTD,PML-TD-NU,28,20231113,31,6.0000,136.46,15.65,152.11,2893.12,307,116,2023-07-06,
VTD,PML-TD-NU,29,20231214,31,6.0000,137.16,14.95,152.11,2755.96,307,116,2023-07-06,
VTD,PML-TD-NU,30,20240113,30,6.0000,138.33,13.78,152.11,2617.63,307,116,2023-07-06,
VTD,PML-TD-NU,31,20240213,31,6.0000,138.59,13.52,152.11,2479.04,307,116,2023-07-06,
VTD,PML-TD-NU,32,20240314,30,6.0000,139.71,12.40,152.11,2339.33,307,116,2023-07-06,
VTD,PML-TD-NU,33,20240414,31,6.0000,140.02,12.09,152.11,2199.31,307,116,2023-07-06,
VTD,PML-TD-NU,34,20240515,31,6.0000,140.75,11.36,152.11,2058.56,307,116,2023-07-06,
VTD,PML-TD-NU,35,20240613,29,6.0000,142.16,9.95,152.11,1916.40,307,116,2023-07-06,
VTD,PML-TD-NU,36,20240714,31,6.0000,142.21,9.90,152.11,1774.19,307,116,2023-07-06,
VTD,PML-TD-NU,37,20240813,30,6.0000,143.24,8.87,152.11,1630.95,307,116,2023-07-06,
VTD,PML-TD-NU,38,20240913,31,6.0000,143.68,8.43,152.11,1487.27,307,116,2023-07-06,
VTD,PML-TD-NU,39,20241013,30,6.0000,144.67,7.44,152.11,1342.60,307,116,2023-07-06,
VTD,PML-TD-NU,40,20241113,31,6.0000,145.17,6.94,152.11,1197.43,307,116,2023-07-06,
VTD,PML-TD-NU,41,20241214,31,6.0000,145.92,6.19,152.11,1051.51,307,116,2023-07-06,
VTD,PML-TD-NU,42,20250113,30,6.0000,146.85,5.26,152.11,904.66,307,116,2023-07-06,
VTD,PML-TD-NU,43,20250213,31,6.0000,147.44,4.67,152.11,757.22,307,116,2023-07-06,
VTD,PML-TD-NU,44,20250315,30,6.0000,148.32,3.79,152.11,608.90,307,116,2023-07-06,
VTD,PML-TD-NU,45,20250415,31,6.0000,148.96,3.15,152.11,459.94,307,116,2023-07-06,
VTD,PML-TD-NU,46,20250516,31,6.0000,149.73,2.38,152.11,310.21,307,116,2023-07-06,
VTD,PML-TD-NU,47,20250613,28,6.0000,150.66,1.45,152.11,159.55,307,116,2023-07-06,
VTD,PML-TD-NU,48,20250714,31,6.0000,159.55,0.82,160.37,0.00,307,116,2023-07-06,
