BLP,BIL-4-N1A-17,1,20171127,180,3.7000,0.00,185.00,185.00,10000.00,77,201,2023-07-06,
BLP,BIL-4-N1A-17,2,20180526,180,3.7000,1200.00,185.00,1385.00,8800.00,77,201,2023-07-06,
BLP,BIL-4-N1A-17,3,20181122,180,3.7000,0.00,162.80,162.80,8800.00,77,201,2023-07-06,
BLP,BIL-4-N1A-17,4,20190521,180,3.7000,1200.00,162.80,1362.80,7600.00,77,201,2023-07-06,
BLP,BIL-4-N1A-17,5,20191117,180,3.7000,0.00,140.60,140.60,7600.00,77,201,2023-07-06,
BLP,BIL-4-N1A-17,6,20200515,180,3.7000,700.00,140.60,840.60,6900.00,77,201,2023-07-06,
BLP,BIL-4-N1A-17,7,20201111,180,3.7000,0.00,127.65,127.65,6900.00,77,201,2023-07-06,
BLP,BIL-4-N1A-17,8,20210510,180,3.7000,700.00,127.65,827.65,6200.00,77,201,2023-07-06,
BLP,BIL-4-N1A-17,9,20211106,180,3.7000,0.00,114.70,114.70,6200.00,77,201,2023-07-06,
BLP,BIL-4-N1A-17,10,20220505,180,3.7000,1600.00,114.70,1714.70,4600.00,77,201,2023-07-06,
BLP,BIL-4-N1A-17,11,20221101,180,3.7000,0.00,85.10,85.10,4600.00,77,201,2023-07-06,
BLP,BIL-4-N1A-17,12,20230430,180,3.7000,1600.00,85.10,1685.10,3000.00,77,201,2023-07-06,
BLP,BIL-4-N1A-17,13,20231027,180,3.7000,0.00,55.50,55.50,3000.00,77,201,2023-07-06,
BLP,BIL-4-N1A-17,14,20240424,180,3.7000,3000.00,55.50,3055.50,0.00,77,201,2023-07-06,
BLP,BIL-4-N1C-18,1,20180825,180,5.3000,0.00,265.00,265.00,10000.00,77,201,2023-07-06,
BLP,BIL-4-N1C-18,2,20190221,180,5.3000,0.00,265.00,265.00,10000.00,77,201,2023-07-06,
BLP,BIL-4-N1C-18,3,20190820,180,5.3000,0.00,265.00,265.00,10000.00,77,201,2023-07-06,
BLP,BIL-4-N1C-18,4,20200216,180,5.3000,0.00,265.00,265.00,10000.00,77,201,2023-07-06,
BLP,BIL-4-N1C-18,5,20200814,180,5.3000,0.00,265.00,265.00,10000.00,77,201,2023-07-06,
BLP,BIL-4-N1C-18,6,20210210,180,5.3000,0.00,265.00,265.00,10000.00,77,201,2023-07-06,
BLP,BIL-4-N1C-18,7,20210809,180,5.3000,0.00,265.00,265.00,10000.00,77,201,2023-07-06,
BLP,BIL-4-N1C-18,8,20220205,180,5.3000,0.00,265.00,265.00,10000.00,77,201,2023-07-06,
BLP,BIL-4-N1C-18,9,20220804,180,5.3000,0.00,265.00,265.00,10000.00,77,201,2023-07-06,
BLP,BIL-4-N1C-18,10,20230131,180,5.3000,0.00,265.00,265.00,10000.00,77,201,2023-07-06,
BLP,BIL-4-N1C-18,11,20230730,180,5.3000,0.00,265.00,265.00,10000.00,77,201,2023-07-06,
BLP,BIL-4-N1C-18,12,20240126,180,5.3000,3000.00,265.00,3265.00,7000.00,77,201,2023-07-06,
BLP,BIL-4-N1C-18,13,20240724,180,5.3000,0.00,185.50,185.50,7000.00,77,201,2023-07-06,
BLP,BIL-4-N1C-18,14,20250120,180,5.3000,3000.00,185.50,3185.50,4000.00,77,201,2023-07-06,
BLP,BIL-4-N1C-18,15,20250719,180,5.3000,0.00,106.00,106.00,4000.00,77,201,2023-07-06,
BLP,BIL-4-N1C-18,16,20260115,180,5.3000,4000.00,106.00,4106.00,0.00,77,201,2023-07-06,
BLP,BIL-4-N2B-16,1,20170307,180,4.3000,0.00,215.00,215.00,10000.00,77,201,2023-07-06,
BLP,BIL-4-N2B-16,2,20170903,180,4.3000,0.00,215.00,215.00,10000.00,77,201,2023-07-06,
BLP,BIL-4-N2B-16,3,20180302,180,4.3000,0.00,215.00,215.00,10000.00,77,201,2023-07-06,
BLP,BIL-4-N2B-16,4,20180829,180,4.3000,0.00,215.00,215.00,10000.00,77,201,2023-07-06,
BLP,BIL-4-N2B-16,5,20190225,180,4.3000,0.00,215.00,215.00,10000.00,77,201,2023-07-06,
BLP,BIL-4-N2B-16,6,20190824,180,4.3000,0.00,215.00,215.00,10000.00,77,201,2023-07-06,
BLP,BIL-4-N2B-16,7,20200220,180,4.3000,0.00,215.00,215.00,10000.00,77,201,2023-07-06,
BLP,BIL-4-N2B-16,8,20200818,180,4.3000,0.00,215.00,215.00,10000.00,77,201,2023-07-06,
BLP,BIL-4-N2B-16,9,20210214,180,4.3000,0.00,215.00,215.00,10000.00,77,201,2023-07-06,
BLP,BIL-4-N2B-16,10,20210813,180,4.3000,0.00,215.00,215.00,10000.00,77,201,2023-07-06,
BLP,BIL-4-N2B-16,11,20220209,180,4.3000,0.00,215.00,215.00,10000.00,77,201,2023-07-06,
BLP,BIL-4-N2B-16,12,20220808,180,4.3000,0.00,215.00,215.00,10000.00,77,201,2023-07-06,
BLP,BIL-4-N2B-16,13,20230204,180,4.3000,0.00,215.00,215.00,10000.00,77,201,2023-07-06,
BLP,BIL-4-N2B-16,14,20230803,180,4.3000,0.00,215.00,215.00,10000.00,77,201,2023-07-06,
BLP,BIL-4-N2B-16,15,20240130,180,4.3000,0.00,215.00,215.00,10000.00,77,201,2023-07-06,
BLP,BIL-4-N2B-16,16,20240728,180,4.3000,10000.00,215.00,10215.00,0.00,77,201,2023-07-06,
BLP,DMT-1-N1A-19,1,20200628,180,5.5000,125.00,27.50,152.50,875.00,77,201,2023-07-06,
BLP,DMT-1-N1A-19,2,20201225,180,5.5000,125.00,24.06,149.06,750.00,77,201,2023-07-06,
BLP,DMT-1-N1A-19,3,20210623,180,5.5000,125.00,20.63,145.63,625.00,77,201,2023-07-06,
BLP,DMT-1-N1A-19,4,20211220,180,5.5000,125.00,17.19,142.19,500.00,77,201,2023-07-06,
BLP,DMT-1-N1A-19,5,20220618,180,5.5000,125.00,13.75,138.75,375.00,77,201,2023-07-06,
BLP,DMT-1-N1A-19,6,20221215,180,5.5000,125.00,10.31,135.31,250.00,77,201,2023-07-06,
BLP,DMT-1-N1A-19,7,20230613,180,5.5000,125.00,6.88,131.88,125.00,77,201,2023-07-06,
BLP,DMT-1-N1A-19,8,20231210,180,5.5000,125.00,3.44,128.44,0.00,77,201,2023-07-06,
BLP,EFO-1-N1D-15,1,20151221,180,6.7500,0.00,337.50,337.50,10000.00,77,201,2023-07-06,
BLP,EFO-1-N1D-15,2,20160618,180,6.7500,0.00,337.50,337.50,10000.00,77,201,2023-07-06,
BLP,EFO-1-N1D-15,3,20161215,180,6.7500,0.00,337.50,337.50,10000.00,77,201,2023-07-06,
BLP,EFO-1-N1D-15,4,20170613,180,6.7500,0.00,337.50,337.50,10000.00,77,201,2023-07-06,
BLP,EFO-1-N1D-15,5,20171210,180,6.7500,0.00,337.50,337.50,10000.00,77,201,2023-07-06,
BLP,EFO-1-N1D-15,6,20180608,180,6.7500,0.00,337.50,337.50,10000.00,77,201,2023-07-06,
BLP,EFO-1-N1D-15,7,20181205,180,6.7500,0.00,337.50,337.50,10000.00,77,201,2023-07-06,
BLP,EFO-1-N1D-15,8,20190603,180,6.7500,0.00,337.50,337.50,10000.00,77,201,2023-07-06,
BLP,EFO-1-N1D-15,9,20191130,180,6.7500,0.00,337.50,337.50,10000.00,77,201,2023-07-06,
BLP,EFO-1-N1D-15,10,20200528,180,6.7500,0.00,337.50,337.50,10000.00,77,201,2023-07-06,
BLP,EFO-1-N1D-15,11,20201124,180,6.7500,0.00,337.50,337.50,10000.00,77,201,2023-07-06,
BLP,EFO-1-N1D-15,12,20210523,180,6.7500,0.00,337.50,337.50,10000.00,77,201,2023-07-06,
BLP,EFO-1-N1D-15,13,20211119,180,6.7500,0.00,337.50,337.50,10000.00,77,201,2023-07-06,
BLP,EFO-1-N1D-15,14,20220518,180,6.7500,3300.00,337.50,3637.50,6700.00,77,201,2023-07-06,
BLP,EFO-1-N1D-15,15,20221114,180,6.7500,0.00,226.13,226.13,6700.00,77,201,2023-07-06,
BLP,EFO-1-N1D-15,16,20230513,180,6.7500,3300.00,226.13,3526.13,3400.00,77,201,2023-07-06,
BLP,EFO-1-N1D-15,17,20231109,180,6.7500,0.00,114.75,114.75,3400.00,77,201,2023-07-06,
BLP,EFO-1-N1D-15,18,20240507,180,6.7500,3400.00,114.75,3514.75,0.00,77,201,2023-07-06,
BLP,SBC-7-N1U-16,1,20161128,90,5.0000,0.00,125.00,125.00,10000.00,77,201,2023-07-06,
BLP,SBC-7-N1U-16,2,20170226,90,5.0000,0.00,125.00,125.00,10000.00,77,201,2023-07-06,
BLP,SBC-7-N1U-16,3,20170527,90,5.0000,0.00,125.00,125.00,10000.00,77,201,2023-07-06,
BLP,SBC-7-N1U-16,4,20170825,90,5.0000,0.00,125.00,125.00,10000.00,77,201,2023-07-06,
BLP,SBC-7-N1U-16,5,20171123,90,5.0000,0.00,125.00,125.00,10000.00,77,201,2023-07-06,
BLP,SBC-7-N1U-16,6,20180221,90,5.0000,0.00,125.00,125.00,10000.00,77,201,2023-07-06,
BLP,SBC-7-N1U-16,7,20180522,90,5.0000,0.00,125.00,125.00,10000.00,77,201,2023-07-06,
BLP,SBC-7-N1U-16,8,20180820,90,5.0000,0.00,125.00,125.00,10000.00,77,201,2023-07-06,
BLP,SBC-7-N1U-16,9,20181118,90,5.0000,0.00,125.00,125.00,10000.00,77,201,2023-07-06,
BLP,SBC-7-N1U-16,10,20190216,90,5.0000,0.00,125.00,125.00,10000.00,77,201,2023-07-06,
BLP,SBC-7-N1U-16,11,20190517,90,5.0000,0.00,125.00,125.00,10000.00,77,201,2023-07-06,
BLP,SBC-7-N1U-16,12,20190815,90,5.0000,0.00,125.00,125.00,10000.00,77,201,2023-07-06,
BLP,SBC-7-N1U-16,13,20191113,90,5.0000,0.00,125.00,125.00,10000.00,77,201,2023-07-06,
BLP,SBC-7-N1U-16,14,20200211,90,5.0000,0.00,125.00,125.00,10000.00,77,201,2023-07-06,
BLP,SBC-7-N1U-16,15,20200511,90,5.0000,0.00,125.00,125.00,10000.00,77,201,2023-07-06,
BLP,SBC-7-N1U-16,16,20200809,90,5.0000,0.00,125.00,125.00,10000.00,77,201,2023-07-06,
BLP,SBC-7-N1U-16,17,20201107,90,5.0000,625.00,125.00,750.00,9375.00,77,201,2023-07-06,
BLP,SBC-7-N1U-16,18,20210205,90,5.0000,625.00,117.19,742.19,8750.00,77,201,2023-07-06,
BLP,SBC-7-N1U-16,19,20210506,90,5.0000,625.00,109.38,734.38,8125.00,77,201,2023-07-06,
BLP,SBC-7-N1U-16,20,20210804,90,5.0000,625.00,101.56,726.56,7500.00,77,201,2023-07-06,
BLP,SBC-7-N1U-16,21,20211102,90,5.0000,625.00,93.75,718.75,6875.00,77,201,2023-07-06,
BLP,SBC-7-N1U-16,22,20220131,90,5.0000,625.00,85.94,710.94,6250.00,77,201,2023-07-06,
BLP,SBC-7-N1U-16,23,20220501,90,5.0000,625.00,78.13,703.13,5625.00,77,201,2023-07-06,
BLP,SBC-7-N1U-16,24,20220730,90,5.0000,625.00,70.31,695.31,5000.00,77,201,2023-07-06,
BLP,SBC-7-N1U-16,25,20221028,90,5.0000,625.00,62.50,687.50,4375.00,77,201,2023-07-06,
BLP,SBC-7-N1U-16,26,20230126,90,5.0000,625.00,54.69,679.69,3750.00,77,201,2023-07-06,
BLP,SBC-7-N1U-16,27,20230426,90,5.0000,625.00,46.88,671.88,3125.00,77,201,2023-07-06,
BLP,SBC-7-N1U-16,28,20230725,90,5.0000,625.00,39.06,664.06,2500.00,77,201,2023-07-06,
BLP,SBC-7-N1U-16,29,20231023,90,5.0000,625.00,31.25,656.25,1875.00,77,201,2023-07-06,
BLP,SBC-7-N1U-16,30,20240121,90,5.0000,625.00,23.44,648.44,1250.00,77,201,2023-07-06,
BLP,SBC-7-N1U-16,31,20240420,90,5.0000,625.00,15.63,640.63,625.00,77,201,2023-07-06,
BLP,SBC-7-N1U-16,32,20240719,90,5.0000,625.00,7.81,632.81,0.00,77,201,2023-07-06,
BLP,TCB-2-N1A-16,1,20170207,180,3.9500,0.00,197.50,197.50,10000.00,77,201,2023-07-06,
BLP,TCB-2-N1A-16,2,20170806,180,3.9500,0.00,197.50,197.50,10000.00,77,201,2023-07-06,
BLP,TCB-2-N1A-16,3,20180202,180,3.9500,0.00,197.50,197.50,10000.00,77,201,2023-07-06,
BLP,TCB-2-N1A-16,4,20180801,180,3.9500,1429.00,197.50,1626.50,8571.00,77,201,2023-07-06,
BLP,TCB-2-N1A-16,5,20190128,180,3.9500,0.00,169.28,169.28,8571.00,77,201,2023-07-06,
BLP,TCB-2-N1A-16,6,20190727,180,3.9500,1429.00,169.28,1598.28,7142.00,77,201,2023-07-06,
BLP,TCB-2-N1A-16,7,20200123,180,3.9500,0.00,141.05,141.05,7142.00,77,201,2023-07-06,
BLP,TCB-2-N1A-16,8,20200721,180,3.9500,1429.00,141.05,1570.05,5713.00,77,201,2023-07-06,
BLP,TCB-2-N1A-16,9,20210117,180,3.9500,0.00,112.83,112.83,5713.00,77,201,2023-07-06,
BLP,TCB-2-N1A-16,10,20210716,180,3.9500,1429.00,112.83,1541.83,4284.00,77,201,2023-07-06,
BLP,TCB-2-N1A-16,11,20220112,180,3.9500,0.00,84.61,84.61,4284.00,77,201,2023-07-06,
BLP,TCB-2-N1A-16,12,20220711,180,3.9500,1429.00,84.61,1513.61,2855.00,77,201,2023-07-06,
BLP,TCB-2-N1A-16,13,20230107,180,3.9500,0.00,56.39,56.39,2855.00,77,201,2023-07-06,
BLP,TCB-2-N1A-16,14,20230706,180,3.9500,1429.00,56.39,1485.39,1426.00,77,201,2023-07-06,
BLP,TCB-2-N1A-16,15,20240102,180,3.9500,0.00,28.16,28.16,1426.00,77,201,2023-07-06,
BLP,TCB-2-N1A-16,16,20240630,180,3.9500,1426.00,28.16,1454.16,0.00,77,201,2023-07-06,
BLP,TCB-2-N1B-15,1,20160310,133,4.8500,0.00,179.18,179.18,10000.00,77,201,2023-07-06,
BLP,TCB-2-N1B-15,2,20160906,180,4.8500,0.00,242.50,242.50,10000.00,77,201,2023-07-06,
BLP,TCB-2-N1B-15,3,20170305,180,4.8500,0.00,242.50,242.50,10000.00,77,201,2023-07-06,
BLP,TCB-2-N1B-15,4,20170901,180,4.8500,0.00,242.50,242.50,10000.00,77,201,2023-07-06,
BLP,TCB-2-N1B-15,5,20180228,180,4.8500,0.00,242.50,242.50,10000.00,77,201,2023-07-06,
BLP,TCB-2-N1B-15,6,20180827,180,4.8500,1666.00,242.50,1908.50,8334.00,77,201,2023-07-06,
BLP,TCB-2-N1B-15,7,20190223,180,4.8500,0.00,202.10,202.10,8334.00,77,201,2023-07-06,
BLP,TCB-2-N1B-15,8,20190822,180,4.8500,1666.00,202.10,1868.10,6668.00,77,201,2023-07-06,
BLP,TCB-2-N1B-15,9,20200218,180,4.8500,0.00,161.70,161.70,6668.00,77,201,2023-07-06,
BLP,TCB-2-N1B-15,10,20200816,180,4.8500,1666.00,161.70,1827.70,5002.00,77,201,2023-07-06,
BLP,TCB-2-N1B-15,11,20210212,180,4.8500,0.00,121.30,121.30,5002.00,77,201,2023-07-06,
BLP,TCB-2-N1B-15,12,20210811,180,4.8500,1666.00,121.30,1787.30,3336.00,77,201,2023-07-06,
BLP,TCB-2-N1B-15,13,20220207,180,4.8500,0.00,80.90,80.90,3336.00,77,201,2023-07-06,
BLP,TCB-2-N1B-15,14,20220806,180,4.8500,1666.00,80.90,1746.90,1670.00,77,201,2023-07-06,
BLP,TCB-2-N1B-15,15,20230202,180,4.8500,0.00,40.50,40.50,1670.00,77,201,2023-07-06,
BLP,TCB-2-N1B-15,16,20230801,180,4.8500,1670.00,40.50,1710.50,0.00,77,201,2023-07-06,
BTS,NC05201935,1,20200228,182,3.2000,0.00,16.18,16.18,1000.00,77,201,2023-07-06,
BTS,NC05201935,2,20200828,182,3.2000,0.00,16.18,16.18,1000.00,77,201,2023-07-06,
BTS,NC05201935,3,20210226,182,3.2000,0.00,16.18,16.18,1000.00,77,201,2023-07-06,
BTS,NC05201935,4,20210827,182,3.2000,0.00,16.18,16.18,1000.00,77,201,2023-07-06,
BTS,NC05201935,5,20220225,182,3.2000,0.00,16.18,16.18,1000.00,77,201,2023-07-06,
BTS,NC05201935,6,20220826,182,3.2000,0.00,16.18,16.18,1000.00,77,201,2023-07-06,
BTS,NC05201935,7,20230224,182,3.2000,0.00,16.18,16.18,1000.00,77,201,2023-07-06,
BTS,NC05201935,8,20230825,182,3.2000,0.00,16.18,16.18,1000.00,77,201,2023-07-06,
BTS,NC05201935,9,20240223,182,3.2000,0.00,16.18,16.18,1000.00,77,201,2023-07-06,
BTS,NC05201935,10,20240823,182,3.2000,0.00,16.18,16.18,1000.00,77,201,2023-07-06,
BTS,NC05201935,11,20250221,182,3.2000,0.00,16.18,16.18,1000.00,77,201,2023-07-06,
BTS,NC05201935,12,20250822,182,3.2000,0.00,16.18,16.18,1000.00,77,201,2023-07-06,
BTS,NC05201935,13,20260220,182,3.2000,0.00,16.18,16.18,1000.00,77,201,2023-07-06,
BTS,NC05201935,14,20260821,182,3.2000,0.00,16.18,16.18,1000.00,77,201,2023-07-06,
BTS,NC05201935,15,20270219,182,3.2000,0.00,16.18,16.18,1000.00,77,201,2023-07-06,
BTS,NC05201935,16,20270820,182,3.2000,0.00,16.18,16.18,1000.00,77,201,2023-07-06,
BTS,NC05201935,17,20280218,182,3.2000,0.00,16.18,16.18,1000.00,77,201,2023-07-06,
BTS,NC05201935,18,20280818,182,3.2000,0.00,16.18,16.18,1000.00,77,201,2023-07-06,
BTS,NC05201935,19,20290216,182,3.2000,0.00,16.18,16.18,1000.00,77,201,2023-07-06,
BTS,NC05201935,20,20290817,182,3.2000,1000.00,16.18,1016.18,0.00,77,201,2023-07-06,
BTS,NC05201939,1,20200327,182,3.2000,0.00,16.18,16.18,1000.00,77,201,2023-07-06,
BTS,NC05201939,2,20200925,182,3.2000,0.00,16.18,16.18,1000.00,77,201,2023-07-06,
BTS,NC05201939,3,20210326,182,3.2000,0.00,16.18,16.18,1000.00,77,201,2023-07-06,
BTS,NC05201939,4,20210924,182,3.2000,0.00,16.18,16.18,1000.00,77,201,2023-07-06,
BTS,NC05201939,5,20220325,182,3.2000,0.00,16.18,16.18,1000.00,77,201,2023-07-06,
BTS,NC05201939,6,20220923,182,3.2000,0.00,16.18,16.18,1000.00,77,201,2023-07-06,
BTS,NC05201939,7,20230324,182,3.2000,0.00,16.18,16.18,1000.00,77,201,2023-07-06,
BTS,NC05201939,8,20230922,182,3.2000,0.00,16.18,16.18,1000.00,77,201,2023-07-06,
BTS,NC05201939,9,20240322,182,3.2000,0.00,16.18,16.18,1000.00,77,201,2023-07-06,
BTS,NC05201939,10,20240920,182,3.2000,0.00,16.18,16.18,1000.00,77,201,2023-07-06,
BTS,NC05201939,11,20250321,182,3.2000,0.00,16.18,16.18,1000.00,77,201,2023-07-06,
BTS,NC05201939,12,20250919,182,3.2000,0.00,16.18,16.18,1000.00,77,201,2023-07-06,
BTS,NC05201939,13,20260320,182,3.2000,0.00,16.18,16.18,1000.00,77,201,2023-07-06,
BTS,NC05201939,14,20260918,182,3.2000,0.00,16.18,16.18,1000.00,77,201,2023-07-06,
BTS,NC05201939,15,20270319,182,3.2000,0.00,16.18,16.18,1000.00,77,201,2023-07-06,
BTS,NC05201939,16,20270917,182,3.2000,0.00,16.18,16.18,1000.00,77,201,2023-07-06,
BTS,NC05201939,17,20280317,182,3.2000,0.00,16.18,16.18,1000.00,77,201,2023-07-06,
BTS,NC05201939,18,20280915,182,3.2000,0.00,16.18,16.18,1000.00,77,201,2023-07-06,
BTS,NC05201939,19,20290316,182,3.2000,0.00,16.18,16.18,1000.00,77,201,2023-07-06,
BTS,NC05201939,20,20290914,182,3.2000,1000.00,16.18,1016.18,0.00,77,201,2023-07-06,
