BBB,FIE-3-N2U-22,1,20230423,180,5.4000,0.00,270.00,270.00,10000.00,268,203,2023-07-06,
BBB,FIE-3-N2U-22,2,20231020,180,5.4000,0.00,270.00,270.00,10000.00,268,203,2023-07-06,
BBB,FIE-3-N2U-22,3,20240417,180,5.4000,0.00,270.00,270.00,10000.00,268,203,2023-07-06,
BBB,FIE-3-N2U-22,4,20241014,180,5.4000,1000.00,270.00,1270.00,9000.00,268,203,2023-07-06,
BBB,FIE-3-N2U-22,5,20250412,180,5.4000,0.00,243.00,243.00,9000.00,268,203,2023-07-06,
BBB,FIE-3-N2U-22,6,20251009,180,5.4000,1000.00,243.00,1243.00,8000.00,268,203,2023-07-06,
BBB,FIE-3-N2U-22,7,20260407,180,5.4000,0.00,216.00,216.00,8000.00,268,203,2023-07-06,
BBB,FIE-3-N2U-22,8,20261004,180,5.4000,3500.00,216.00,3716.00,4500.00,268,203,2023-07-06,
BBB,FIE-3-N2U-22,9,20270402,180,5.4000,0.00,121.50,121.50,4500.00,268,203,2023-07-06,
BBB,FIE-3-N2U-22,10,20270929,180,5.4000,4500.00,121.50,4621.50,0.00,268,203,2023-07-06,
