BSE,USP37878AC26,1,20170920,180,180,4.5,0.00,22.50,22.50,1000.00,268,203,2023-07-06,
BSE,USP37878AC26,2,20180320,180,180,4.5,0.00,22.50,22.50,1000.00,268,203,2023-07-06,
BSE,USP37878AC26,3,20180920,180,180,4.5,0.00,22.50,22.50,1000.00,268,203,2023-07-06,
BSE,USP37878AC26,4,20190320,180,180,4.5,0.00,22.50,22.50,1000.00,268,203,2023-07-06,
BSE,USP37878AC26,5,20190920,180,180,4.5,0.00,22.50,22.50,1000.00,268,203,2023-07-06,
BSE,USP37878AC26,6,20200320,180,180,4.5,0.00,22.50,22.50,1000.00,268,203,2023-07-06,
BSE,USP37878AC26,7,20200920,180,180,4.5,0.00,22.50,22.50,1000.00,268,203,2023-07-06,
BSE,USP37878AC26,8,20210320,180,180,4.5,0.00,22.50,22.50,1000.00,268,203,2023-07-06,
BSE,USP37878AC26,9,20210920,180,180,4.5,0.00,22.50,22.50,1000.00,268,203,2023-07-06,
BSE,USP37878AC26,10,20220320,180,180,4.5,0.00,22.50,22.50,1000.00,268,203,2023-07-06,
BSE,USP37878AC26,11,20220920,180,180,4.5,0.00,22.50,22.50,1000.00,268,203,2023-07-06,
BSE,USP37878AC26,12,20230320,180,180,4.5,0.00,22.50,22.50,1000.00,268,203,2023-07-06,
BSE,USP37878AC26,13,20230920,180,180,4.5,0.00,22.50,22.50,1000.00,268,203,2023-07-06,
BSE,USP37878AC26,14,20240320,180,180,4.5,0.00,22.50,22.50,1000.00,268,203,2023-07-06,
BSE,USP37878AC26,15,20240920,180,180,4.5,0.00,22.50,22.50,1000.00,268,203,2023-07-06,
BSE,USP37878AC26,16,20250320,180,180,4.5,0.00,22.50,22.50,1000.00,268,203,2023-07-06,
BSE,USP37878AC26,17,20250920,180,180,4.5,0.00,22.50,22.50,1000.00,268,203,2023-07-06,
BSE,USP37878AC26,18,20260320,180,180,4.5,333.30,22.50,355.80,666.70,268,203,2023-07-06,
BSE,USP37878AC26,19,20260920,180,180,4.5,0.00,15.00,15.00,666.70,268,203,2023-07-06,
BSE,USP37878AC26,20,20270320,180,180,4.5,333.30,15.00,348.30,333.40,268,203,2023-07-06,
BSE,USP37878AC26,21,20270920,180,180,4.5,0.00,7.50,7.50,333.40,268,203,2023-07-06,
BSE,USP37878AC26,22,20280320,180,180,4.5,333.40,7.50,340.90,0.00,268,203,2023-07-06,
