BBB,BIS-1-N1A-16,1,20170315,180,4.2500,0.00,212.50,212.50,10000.00,81,204,2023-07-06,
BBB,BIS-1-N1A-16,2,20170911,180,4.2500,0.00,212.50,212.50,10000.00,81,204,2023-07-06,
BBB,BIS-1-N1A-16,3,20180310,180,4.2500,0.00,212.50,212.50,10000.00,81,204,2023-07-06,
BBB,BIS-1-N1A-16,4,20180906,180,4.2500,0.00,212.50,212.50,10000.00,81,204,2023-07-06,
BBB,BIS-1-N1A-16,5,20190305,180,4.2500,0.00,212.50,212.50,10000.00,81,204,2023-07-06,
BBB,BIS-1-N1A-16,6,20190901,180,4.2500,1667.00,212.50,1879.50,8333.00,81,204,2023-07-06,
BBB,BIS-1-N1A-16,7,20200228,180,4.2500,0.00,177.08,177.08,8333.00,81,204,2023-07-06,
BBB,BIS-1-N1A-16,8,20200826,180,4.2500,1667.00,177.08,1844.08,6666.00,81,204,2023-07-06,
BBB,BIS-1-N1A-16,9,20210222,180,4.2500,0.00,141.65,141.65,6666.00,81,204,2023-07-06,
BBB,BIS-1-N1A-16,10,20210821,180,4.2500,1667.00,141.65,1808.65,4999.00,81,204,2023-07-06,
BBB,BIS-1-N1A-16,11,20220217,180,4.2500,0.00,106.23,106.23,4999.00,81,204,2023-07-06,
BBB,BIS-1-N1A-16,12,20220816,180,4.2500,1667.00,106.23,1773.23,3332.00,81,204,2023-07-06,
BBB,BIS-1-N1A-16,13,20230212,180,4.2500,0.00,70.81,70.81,3332.00,81,204,2023-07-06,
BBB,BIS-1-N1A-16,14,20230811,180,4.2500,1667.00,70.81,1737.81,1665.00,81,204,2023-07-06,
BBB,BIS-1-N1A-16,15,20240207,180,4.2500,0.00,35.38,35.38,1665.00,81,204,2023-07-06,
BBB,BIS-1-N1A-16,16,20240805,180,4.2500,1665.00,35.38,1700.38,0.00,81,204,2023-07-06,
BBB,BME-2-E2A-16,1,20171026,360,3.3000,0.00,33.00,33.00,1000.00,81,204,2023-07-06,
BBB,BME-2-E2A-16,2,20181021,360,3.3000,0.00,33.00,33.00,1000.00,81,204,2023-07-06,
BBB,BME-2-E2A-16,3,20191016,360,3.3000,0.00,33.00,33.00,1000.00,81,204,2023-07-06,
BBB,BME-2-E2A-16,4,20201010,360,3.3000,0.00,33.00,33.00,1000.00,81,204,2023-07-06,
BBB,BME-2-E2A-16,5,20211005,360,3.3000,0.00,33.00,33.00,1000.00,81,204,2023-07-06,
BBB,BME-2-E2A-16,6,20220930,360,3.3000,500.00,33.00,533.00,500.00,81,204,2023-07-06,
BBB,BME-2-E2A-16,7,20230925,360,3.3000,0.00,16.50,16.50,500.00,81,204,2023-07-06,
BBB,BME-2-E2A-16,8,20240919,360,3.3000,500.00,16.50,516.50,0.00,81,204,2023-07-06,
BBB,BNB-E1A-17,1,20170823,180,2.0000,0.00,100.00,100.00,10000.00,81,204,2023-07-06,
BBB,BNB-E1A-17,2,20180219,180,2.0000,0.00,100.00,100.00,10000.00,81,204,2023-07-06,
BBB,BNB-E1A-17,3,20180818,180,2.0000,0.00,100.00,100.00,10000.00,81,204,2023-07-06,
BBB,BNB-E1A-17,4,20190214,180,2.0000,402.00,100.00,502.00,9598.00,81,204,2023-07-06,
BBB,BNB-E1A-17,5,20190813,180,2.0000,402.00,95.98,497.98,9196.00,81,204,2023-07-06,
BBB,BNB-E1A-17,6,20200209,180,2.0000,402.00,91.96,493.96,8794.00,81,204,2023-07-06,
BBB,BNB-E1A-17,7,20200807,180,2.0000,402.00,87.94,489.94,8392.00,81,204,2023-07-06,
BBB,BNB-E1A-17,8,20210203,180,2.0000,402.00,83.92,485.92,7990.00,81,204,2023-07-06,
BBB,BNB-E1A-17,9,20210802,180,2.0000,402.00,79.90,481.90,7588.00,81,204,2023-07-06,
BBB,BNB-E1A-17,10,20220129,180,2.0000,1204.00,75.88,1279.88,6384.00,81,204,2023-07-06,
BBB,BNB-E1A-17,11,20220728,180,2.0000,1204.00,63.84,1267.84,5180.00,81,204,2023-07-06,
BBB,BNB-E1A-17,12,20230124,180,2.0000,1204.00,51.80,1255.80,3976.00,81,204,2023-07-06,
BBB,BNB-E1A-17,13,20230723,180,2.0000,1204.00,39.76,1243.76,2772.00,81,204,2023-07-06,
BBB,BNB-E1A-17,14,20240119,180,2.0000,1386.00,27.72,1413.72,1386.00,81,204,2023-07-06,
BBB,BNB-E1A-17,15,20240717,180,2.0000,1386.00,13.86,1399.86,0.00,81,204,2023-07-06,
BBB,BNB-E1U-19,1,20200523,180,3.3000,0.00,165.00,165.00,10000.00,81,204,2023-07-06,
BBB,BNB-E1U-19,2,20201119,180,3.3000,0.00,165.00,165.00,10000.00,81,204,2023-07-06,
BBB,BNB-E1U-19,3,20210518,180,3.3000,0.00,165.00,165.00,10000.00,81,204,2023-07-06,
BBB,BNB-E1U-19,4,20211114,180,3.3000,0.00,165.00,165.00,10000.00,81,204,2023-07-06,
BBB,BNB-E1U-19,5,20220513,180,3.3000,0.00,165.00,165.00,10000.00,81,204,2023-07-06,
BBB,BNB-E1U-19,6,20221109,180,3.3000,0.00,165.00,165.00,10000.00,81,204,2023-07-06,
BBB,BNB-E1U-19,7,20230508,180,3.3000,0.00,165.00,165.00,10000.00,81,204,2023-07-06,
BBB,BNB-E1U-19,8,20231104,180,3.3000,0.00,165.00,165.00,10000.00,81,204,2023-07-06,
BBB,BNB-E1U-19,9,20240502,180,3.3000,1250.00,165.00,1415.00,8750.00,81,204,2023-07-06,
BBB,BNB-E1U-19,10,20241029,180,3.3000,1250.00,144.38,1394.38,7500.00,81,204,2023-07-06,
BBB,BNB-E1U-19,11,20250427,180,3.3000,1250.00,123.75,1373.75,6250.00,81,204,2023-07-06,
BBB,BNB-E1U-19,12,20251024,180,3.3000,1250.00,103.13,1353.13,5000.00,81,204,2023-07-06,
BBB,BNB-E1U-19,13,20260422,180,3.3000,1250.00,82.50,1332.50,3750.00,81,204,2023-07-06,
BBB,BNB-E1U-19,14,20261019,180,3.3000,1250.00,61.88,1311.88,2500.00,81,204,2023-07-06,
BBB,BNB-E1U-19,15,20270417,180,3.3000,1250.00,41.25,1291.25,1250.00,81,204,2023-07-06,
BBB,BNB-E1U-19,16,20271014,180,3.3000,1250.00,20.63,1270.63,0.00,81,204,2023-07-06,
BLP,BIL-6-N1A-21,1,20220202,90,5.2000,0.00,130.00,130.00,10000.00,81,204,2023-07-06,
BLP,BIL-6-N1A-21,2,20220503,90,5.2000,0.00,130.00,130.00,10000.00,81,204,2023-07-06,
BLP,BIL-6-N1A-21,3,20220801,90,5.2000,0.00,130.00,130.00,10000.00,81,204,2023-07-06,
BLP,BIL-6-N1A-21,4,20221030,90,5.2000,0.00,130.00,130.00,10000.00,81,204,2023-07-06,
BLP,BIL-6-N1A-21,5,20230128,90,5.2000,0.00,130.00,130.00,10000.00,81,204,2023-07-06,
BLP,BIL-6-N1A-21,6,20230428,90,5.2000,0.00,130.00,130.00,10000.00,81,204,2023-07-06,
BLP,BIL-6-N1A-21,7,20230727,90,5.2000,2500.00,130.00,2630.00,7500.00,81,204,2023-07-06,
BLP,BIL-6-N1A-21,8,20231025,90,5.2000,7500.00,97.50,7597.50,0.00,81,204,2023-07-06,
BLP,BPC-4-N1U-16,1,20170329,180,5.7500,500.00,287.50,787.50,9500.00,81,204,2023-07-06,
BLP,BPC-4-N1U-16,2,20170925,180,5.7500,500.00,273.13,773.13,9000.00,81,204,2023-07-06,
BLP,BPC-4-N1U-16,3,20180324,180,5.7500,200.00,258.75,458.75,8800.00,81,204,2023-07-06,
BLP,BPC-4-N1U-16,4,20180920,180,5.7500,200.00,253.00,453.00,8600.00,81,204,2023-07-06,
BLP,BPC-4-N1U-16,5,20190319,180,5.7500,500.00,247.25,747.25,8100.00,81,204,2023-07-06,
BLP,BPC-4-N1U-16,6,20190915,180,5.7500,500.00,232.88,732.88,7600.00,81,204,2023-07-06,
BLP,BPC-4-N1U-16,7,20200313,180,5.7500,700.00,218.50,918.50,6900.00,81,204,2023-07-06,
BLP,BPC-4-N1U-16,8,20200909,180,5.7500,700.00,198.38,898.38,6200.00,81,204,2023-07-06,
BLP,BPC-4-N1U-16,9,20210308,180,5.7500,600.00,178.25,778.25,5600.00,81,204,2023-07-06,
BLP,BPC-4-N1U-16,10,20210904,180,5.7500,600.00,161.00,761.00,5000.00,81,204,2023-07-06,
BLP,BPC-4-N1U-16,11,20220303,180,5.7500,500.00,143.75,643.75,4500.00,81,204,2023-07-06,
BLP,BPC-4-N1U-16,12,20220830,180,5.7500,500.00,129.38,629.38,4000.00,81,204,2023-07-06,
BLP,BPC-4-N1U-16,13,20230226,180,5.7500,500.00,115.00,615.00,3500.00,81,204,2023-07-06,
BLP,BPC-4-N1U-16,14,20230825,180,5.7500,500.00,100.63,600.63,3000.00,81,204,2023-07-06,
BLP,BPC-4-N1U-16,15,20240221,180,5.7500,300.00,86.25,386.25,2700.00,81,204,2023-07-06,
BLP,BPC-4-N1U-16,16,20240819,180,5.7500,300.00,77.63,377.63,2400.00,81,204,2023-07-06,
BLP,BPC-4-N1U-16,17,20250215,180,5.7500,600.00,69.00,669.00,1800.00,81,204,2023-07-06,
BLP,BPC-4-N1U-16,18,20250814,180,5.7500,600.00,51.75,651.75,1200.00,81,204,2023-07-06,
BLP,BPC-4-N1U-16,19,20260210,180,5.7500,600.00,34.50,634.50,600.00,81,204,2023-07-06,
BLP,BPC-4-N1U-16,20,20260809,180,5.7500,600.00,17.25,617.25,0.00,81,204,2023-07-06,
BLP,BPC-4-N4U-14,1,20150524,180,7.8000,0.00,390.00,390.00,10000.00,81,204,2023-07-06,
BLP,BPC-4-N4U-14,2,20151120,180,7.8000,0.00,390.00,390.00,10000.00,81,204,2023-07-06,
BLP,BPC-4-N4U-14,3,20160518,180,7.8000,0.00,390.00,390.00,10000.00,81,204,2023-07-06,
BLP,BPC-4-N4U-14,4,20161114,180,7.8000,0.00,390.00,390.00,10000.00,81,204,2023-07-06,
BLP,BPC-4-N4U-14,5,20170513,180,7.8000,0.00,390.00,390.00,10000.00,81,204,2023-07-06,
BLP,BPC-4-N4U-14,6,20171109,180,7.8000,0.00,390.00,390.00,10000.00,81,204,2023-07-06,
BLP,BPC-4-N4U-14,7,20180508,180,7.8000,0.00,390.00,390.00,10000.00,81,204,2023-07-06,
BLP,BPC-4-N4U-14,8,20181104,180,7.8000,0.00,390.00,390.00,10000.00,81,204,2023-07-06,
BLP,BPC-4-N4U-14,9,20190503,180,7.8000,0.00,390.00,390.00,10000.00,81,204,2023-07-06,
BLP,BPC-4-N4U-14,10,20191030,180,7.8000,0.00,390.00,390.00,10000.00,81,204,2023-07-06,
BLP,BPC-4-N4U-14,11,20200427,180,7.8000,0.00,390.00,390.00,10000.00,81,204,2023-07-06,
BLP,BPC-4-N4U-14,12,20201024,180,7.8000,0.00,390.00,390.00,10000.00,81,204,2023-07-06,
BLP,BPC-4-N4U-14,13,20210422,180,7.8000,500.00,390.00,890.00,9500.00,81,204,2023-07-06,
BLP,BPC-4-N4U-14,14,20211019,180,7.8000,500.00,370.50,870.50,9000.00,81,204,2023-07-06,
BLP,BPC-4-N4U-14,15,20220417,180,7.8000,700.00,351.00,1051.00,8300.00,81,204,2023-07-06,
BLP,BPC-4-N4U-14,16,20221014,180,7.8000,700.00,323.70,1023.70,7600.00,81,204,2023-07-06,
BLP,BPC-4-N4U-14,17,20230412,180,7.8000,1300.00,296.40,1596.40,6300.00,81,204,2023-07-06,
BLP,BPC-4-N4U-14,18,20231009,180,7.8000,1300.00,245.70,1545.70,5000.00,81,204,2023-07-06,
BLP,BPC-4-N4U-14,19,20240406,180,7.8000,2500.00,195.00,2695.00,2500.00,81,204,2023-07-06,
BLP,BPC-4-N4U-14,20,20241003,180,7.8000,2500.00,97.50,2597.50,0.00,81,204,2023-07-06,
BLP,GNI-1-N1A-19,1,20190925,180,5.5000,0.00,275.00,275.00,10000.00,81,204,2023-07-06,
BLP,GNI-1-N1A-19,2,20200323,180,5.5000,1500.00,275.00,1775.00,8500.00,81,204,2023-07-06,
BLP,GNI-1-N1A-19,3,20200919,180,5.5000,0.00,233.75,233.75,8500.00,81,204,2023-07-06,
BLP,GNI-1-N1A-19,4,20210318,180,5.5000,1500.00,233.75,1733.75,7000.00,81,204,2023-07-06,
BLP,GNI-1-N1A-19,5,20210914,180,5.5000,0.00,192.50,192.50,7000.00,81,204,2023-07-06,
BLP,GNI-1-N1A-19,6,20220313,180,5.5000,1500.00,192.50,1692.50,5500.00,81,204,2023-07-06,
BLP,GNI-1-N1A-19,7,20220909,180,5.5000,0.00,151.25,151.25,5500.00,81,204,2023-07-06,
BLP,GNI-1-N1A-19,8,20230308,180,5.5000,2000.00,151.25,2151.25,3500.00,81,204,2023-07-06,
BLP,GNI-1-N1A-19,9,20230904,180,5.5000,0.00,96.25,96.25,3500.00,81,204,2023-07-06,
BLP,GNI-1-N1A-19,10,20240302,180,5.5000,3500.00,96.25,3596.25,0.00,81,204,2023-07-06,
BLP,JSF-1-E1A-19,1,20200428,180,4.0000,0.00,20.00,20.00,1000.00,81,204,2023-07-06,
BLP,JSF-1-E1A-19,2,20201025,180,4.0000,0.00,20.00,20.00,1000.00,81,204,2023-07-06,
BLP,JSF-1-E1A-19,3,20210423,180,4.0000,0.00,20.00,20.00,1000.00,81,204,2023-07-06,
BLP,JSF-1-E1A-19,4,20211020,180,4.0000,0.00,20.00,20.00,1000.00,81,204,2023-07-06,
BLP,JSF-1-E1A-19,5,20220418,180,4.0000,0.00,20.00,20.00,1000.00,81,204,2023-07-06,
BLP,JSF-1-E1A-19,6,20221015,180,4.0000,0.00,20.00,20.00,1000.00,81,204,2023-07-06,
BLP,JSF-1-E1A-19,7,20230413,180,4.0000,125.00,20.00,145.00,875.00,81,204,2023-07-06,
BLP,JSF-1-E1A-19,8,20231010,180,4.0000,125.00,17.50,142.50,750.00,81,204,2023-07-06,
BLP,JSF-1-E1A-19,9,20240407,180,4.0000,187.50,15.00,202.50,562.50,81,204,2023-07-06,
BLP,JSF-1-E1A-19,10,20241004,180,4.0000,187.50,11.25,198.75,375.00,81,204,2023-07-06,
BLP,JSF-1-E1A-19,11,20250402,180,4.0000,187.50,7.50,195.00,187.50,81,204,2023-07-06,
BLP,JSF-1-E1A-19,12,20250929,180,4.0000,187.50,3.75,191.25,0.00,81,204,2023-07-06,
BLP,SBC-7-N1U-16,1,20161128,90,5.0000,0.00,125.00,125.00,10000.00,81,204,2023-07-06,
BLP,SBC-7-N1U-16,2,20170226,90,5.0000,0.00,125.00,125.00,10000.00,81,204,2023-07-06,
BLP,SBC-7-N1U-16,3,20170527,90,5.0000,0.00,125.00,125.00,10000.00,81,204,2023-07-06,
BLP,SBC-7-N1U-16,4,20170825,90,5.0000,0.00,125.00,125.00,10000.00,81,204,2023-07-06,
BLP,SBC-7-N1U-16,5,20171123,90,5.0000,0.00,125.00,125.00,10000.00,81,204,2023-07-06,
BLP,SBC-7-N1U-16,6,20180221,90,5.0000,0.00,125.00,125.00,10000.00,81,204,2023-07-06,
BLP,SBC-7-N1U-16,7,20180522,90,5.0000,0.00,125.00,125.00,10000.00,81,204,2023-07-06,
BLP,SBC-7-N1U-16,8,20180820,90,5.0000,0.00,125.00,125.00,10000.00,81,204,2023-07-06,
BLP,SBC-7-N1U-16,9,20181118,90,5.0000,0.00,125.00,125.00,10000.00,81,204,2023-07-06,
BLP,SBC-7-N1U-16,10,20190216,90,5.0000,0.00,125.00,125.00,10000.00,81,204,2023-07-06,
BLP,SBC-7-N1U-16,11,20190517,90,5.0000,0.00,125.00,125.00,10000.00,81,204,2023-07-06,
BLP,SBC-7-N1U-16,12,20190815,90,5.0000,0.00,125.00,125.00,10000.00,81,204,2023-07-06,
BLP,SBC-7-N1U-16,13,20191113,90,5.0000,0.00,125.00,125.00,10000.00,81,204,2023-07-06,
BLP,SBC-7-N1U-16,14,20200211,90,5.0000,0.00,125.00,125.00,10000.00,81,204,2023-07-06,
BLP,SBC-7-N1U-16,15,20200511,90,5.0000,0.00,125.00,125.00,10000.00,81,204,2023-07-06,
BLP,SBC-7-N1U-16,16,20200809,90,5.0000,0.00,125.00,125.00,10000.00,81,204,2023-07-06,
BLP,SBC-7-N1U-16,17,20201107,90,5.0000,625.00,125.00,750.00,9375.00,81,204,2023-07-06,
BLP,SBC-7-N1U-16,18,20210205,90,5.0000,625.00,117.19,742.19,8750.00,81,204,2023-07-06,
BLP,SBC-7-N1U-16,19,20210506,90,5.0000,625.00,109.38,734.38,8125.00,81,204,2023-07-06,
BLP,SBC-7-N1U-16,20,20210804,90,5.0000,625.00,101.56,726.56,7500.00,81,204,2023-07-06,
BLP,SBC-7-N1U-16,21,20211102,90,5.0000,625.00,93.75,718.75,6875.00,81,204,2023-07-06,
BLP,SBC-7-N1U-16,22,20220131,90,5.0000,625.00,85.94,710.94,6250.00,81,204,2023-07-06,
BLP,SBC-7-N1U-16,23,20220501,90,5.0000,625.00,78.13,703.13,5625.00,81,204,2023-07-06,
BLP,SBC-7-N1U-16,24,20220730,90,5.0000,625.00,70.31,695.31,5000.00,81,204,2023-07-06,
BLP,SBC-7-N1U-16,25,20221028,90,5.0000,625.00,62.50,687.50,4375.00,81,204,2023-07-06,
BLP,SBC-7-N1U-16,26,20230126,90,5.0000,625.00,54.69,679.69,3750.00,81,204,2023-07-06,
BLP,SBC-7-N1U-16,27,20230426,90,5.0000,625.00,46.88,671.88,3125.00,81,204,2023-07-06,
BLP,SBC-7-N1U-16,28,20230725,90,5.0000,625.00,39.06,664.06,2500.00,81,204,2023-07-06,
BLP,SBC-7-N1U-16,29,20231023,90,5.0000,625.00,31.25,656.25,1875.00,81,204,2023-07-06,
BLP,SBC-7-N1U-16,30,20240121,90,5.0000,625.00,23.44,648.44,1250.00,81,204,2023-07-06,
BLP,SBC-7-N1U-16,31,20240420,90,5.0000,625.00,15.63,640.63,625.00,81,204,2023-07-06,
BLP,SBC-7-N1U-16,32,20240719,90,5.0000,625.00,7.81,632.81,0.00,81,204,2023-07-06,
BLP,TCB-2-N1B-15,1,20160310,133,4.8500,0.00,179.18,179.18,10000.00,81,204,2023-07-06,
BLP,TCB-2-N1B-15,2,20160906,180,4.8500,0.00,242.50,242.50,10000.00,81,204,2023-07-06,
BLP,TCB-2-N1B-15,3,20170305,180,4.8500,0.00,242.50,242.50,10000.00,81,204,2023-07-06,
BLP,TCB-2-N1B-15,4,20170901,180,4.8500,0.00,242.50,242.50,10000.00,81,204,2023-07-06,
BLP,TCB-2-N1B-15,5,20180228,180,4.8500,0.00,242.50,242.50,10000.00,81,204,2023-07-06,
BLP,TCB-2-N1B-15,6,20180827,180,4.8500,1666.00,242.50,1908.50,8334.00,81,204,2023-07-06,
BLP,TCB-2-N1B-15,7,20190223,180,4.8500,0.00,202.10,202.10,8334.00,81,204,2023-07-06,
BLP,TCB-2-N1B-15,8,20190822,180,4.8500,1666.00,202.10,1868.10,6668.00,81,204,2023-07-06,
BLP,TCB-2-N1B-15,9,20200218,180,4.8500,0.00,161.70,161.70,6668.00,81,204,2023-07-06,
BLP,TCB-2-N1B-15,10,20200816,180,4.8500,1666.00,161.70,1827.70,5002.00,81,204,2023-07-06,
BLP,TCB-2-N1B-15,11,20210212,180,4.8500,0.00,121.30,121.30,5002.00,81,204,2023-07-06,
BLP,TCB-2-N1B-15,12,20210811,180,4.8500,1666.00,121.30,1787.30,3336.00,81,204,2023-07-06,
BLP,TCB-2-N1B-15,13,20220207,180,4.8500,0.00,80.90,80.90,3336.00,81,204,2023-07-06,
BLP,TCB-2-N1B-15,14,20220806,180,4.8500,1666.00,80.90,1746.90,1670.00,81,204,2023-07-06,
BLP,TCB-2-N1B-15,15,20230202,180,4.8500,0.00,40.50,40.50,1670.00,81,204,2023-07-06,
BLP,TCB-2-N1B-15,16,20230801,180,4.8500,1670.00,40.50,1710.50,0.00,81,204,2023-07-06,
